2.4167	10.0833
2.4583	10.0833
2.4583	10.1250
2.4792	10.1250
2.4792	10.1354
2.5000	10.1354
2.5000	10.1250
2.5417	10.1250
2.5417	10.1562
2.6250	10.1562
2.6250	10.1458
2.6354	10.1458
2.6354	10.1562
2.6771	10.1562
2.6771	10.1250
2.6875	10.1250
2.6875	10.1042
2.6979	10.1042
2.6979	10.0938
2.7083	10.0938
2.7083	10.0833
2.7396	10.0833
2.7396	10.0938
2.7604	10.0938
2.7604	10.1146
2.7708	10.1146
2.7708	10.0833
2.7917	10.0833
2.7917	10.0417
2.8333	10.0417
2.8333	10.0521
2.8438	10.0521
2.8438	10.0417
2.8854	10.0417
2.8854	10.0000
2.9167	10.0000
2.9167	9.9688
2.9479	9.9688
2.9479	9.9375
2.9896	9.9375
2.9896	9.9271
3.0000	9.9271
3.0000	9.9167
3.0208	9.9167
3.0208	9.8958
3.0521	9.8958
3.0521	9.8854
3.0833	9.8854
3.0833	9.8750
3.0938	9.8750
3.0938	9.8646
3.1042	9.8646
3.1042	9.8542
3.1458	9.8542
3.1458	9.8125
3.1562	9.8125
3.1562	9.7604
3.2188	9.7604
3.2188	9.8125
3.2292	9.8125
3.2292	9.7708
3.3125	9.7708
3.3125	9.7292
3.3958	9.7292
3.3958	9.6875
3.4375	9.6875
3.4375	9.6458
3.5625	9.6458
3.5625	9.6042
3.6042	9.6042
3.6042	9.5625
3.6458	9.5625
3.6458	9.5521
3.6562	9.5521
3.6562	9.5417
3.6667	9.5417
3.6667	9.5312
3.7396	9.5312
3.7396	9.5208
3.7708	9.5208
3.7708	9.5000
3.7917	9.5000
3.7917	9.4792
3.8438	9.4792
3.8438	9.4688
3.8542	9.4688
3.8542	9.4792
3.8958	9.4792
3.8958	9.4583
3.9062	9.4583
3.9062	9.4479
3.9167	9.4479
3.9167	9.4375
4.0208	9.4375
4.0208	9.4062
4.0729	9.4062
4.0729	9.3750
4.1667	9.3750
4.1667	9.3646
4.1875	9.3646
4.1875	9.3542
4.1979	9.3542
4.1979	9.3438
4.2500	9.3438
4.2500	9.3333
4.2604	9.3333
4.2604	9.3125
4.3646	9.3125
4.3646	9.3021
4.3750	9.3021
4.3750	9.2917
4.3854	9.2917
4.3854	9.2812
4.4062	9.2812
4.4062	9.2708
4.3958	9.2708
4.3958	9.2604
4.4062	9.2604
4.4062	9.2708
4.4167	9.2708
4.4167	9.2812
4.4583	9.2812
4.4583	9.2708
4.4792	9.2708
4.4792	9.2500
4.5729	9.2500
4.5729	9.2396
4.5625	9.2396
4.5625	9.2292
4.5729	9.2292
4.5729	9.2188
4.5833	9.2188
4.5833	9.2083
4.6875	9.2083
4.6875	9.1979
4.6979	9.1979
4.6979	9.1875
4.7188	9.1875
4.7188	9.1771
4.7396	9.1771
4.7396	9.1667
4.8229	9.1667
4.8229	9.1562
4.8542	9.1562
4.8542	9.1458
4.8750	9.1458
4.8750	9.1250
4.9271	9.1250
4.9271	9.1146
4.9375	9.1146
4.9375	9.1042
4.9479	9.1042
4.9479	9.0938
4.9792	9.0938
4.9792	9.0833
5.0938	9.0833
5.0938	9.0729
5.0833	9.0729
5.0833	9.0521
5.0938	9.0521
5.0938	9.0625
5.1042	9.0625
5.1042	9.0521
5.1146	9.0521
5.1146	9.0417
5.1875	9.0417
5.1875	9.0625
5.1979	9.0625
5.1979	9.0521
5.2083	9.0521
5.2083	9.0000
5.2812	9.0000
5.2812	9.0104
5.2708	9.0104
5.2708	9.0208
5.2812	9.0208
5.2812	9.0312
5.2917	9.0312
5.2917	8.9375
5.3021	8.9375
5.3021	8.9167
5.3438	8.9167
5.3438	8.9271
5.3542	8.9271
5.3542	8.9062
5.3333	8.9062
5.3333	8.8750
5.3438	8.8750
5.3438	8.8958
5.3646	8.8958
5.3646	8.9271
5.3750	8.9271
5.3750	8.9375
5.4062	8.9375
5.4062	8.9271
5.4167	8.9271
5.4167	8.9167
5.4271	8.9167
5.4271	8.9062
5.4375	8.9062
5.4375	8.9167
5.4479	8.9167
5.4479	8.9062
5.4583	8.9062
5.4583	8.9167
5.4688	8.9167
5.4688	8.9271
5.4792	8.9271
5.4792	8.9062
5.4896	8.9062
5.4896	8.8958
5.5000	8.8958
5.5000	8.8854
5.4896	8.8854
5.4896	8.8750
5.4688	8.8750
5.4688	8.8854
5.4583	8.8854
5.4583	8.8750
5.4479	8.8750
5.4479	8.8542
5.4583	8.8542
5.4583	8.8646
5.4688	8.8646
5.4688	8.8542
5.4896	8.8542
5.4896	8.8438
5.5000	8.8438
5.5000	8.8333
5.5312	8.8333
5.5312	8.8229
5.5417	8.8229
5.5417	8.8333
5.5521	8.8333
5.5521	8.8438
5.5625	8.8438
5.5625	8.8646
5.5729	8.8646
5.5729	8.8229
5.5521	8.8229
5.5521	8.8125
5.5833	8.8125
5.5833	8.8021
5.6042	8.8021
5.6042	8.8229
5.6146	8.8229
5.6146	8.8542
5.6354	8.8542
5.6354	8.8438
5.6562	8.8438
5.6562	8.8333
5.6667	8.8333
5.6667	8.8125
5.6562	8.8125
5.6562	8.8229
5.6354	8.8229
5.6354	8.8125
5.6458	8.8125
5.6458	8.7812
5.6250	8.7812
5.6250	8.7708
5.6562	8.7708
5.6562	8.7500
5.6667	8.7500
5.6667	8.7188
5.6771	8.7188
5.6771	8.7083
5.7396	8.7083
5.7396	8.7188
5.7500	8.7188
5.7500	8.7292
5.7604	8.7292
5.7604	8.7500
5.7708	8.7500
5.7708	8.7708
5.7812	8.7708
5.7812	8.7917
5.8021	8.7917
5.8021	8.8125
5.8333	8.8125
5.8333	8.8021
5.8125	8.8021
5.8125	8.7708
5.8229	8.7708
5.8229	8.7604
5.8021	8.7604
5.8021	8.7500
5.7917	8.7500
5.7917	8.7396
5.7812	8.7396
5.7812	8.7188
5.8021	8.7188
5.8021	8.7083
5.8125	8.7083
5.8125	8.7292
5.8229	8.7292
5.8229	8.7396
5.8333	8.7396
5.8333	8.7604
5.8438	8.7604
5.8438	8.7812
5.8542	8.7812
5.8542	8.8021
5.8854	8.8021
5.8854	8.7812
5.8750	8.7812
5.8750	8.7500
5.8646	8.7500
5.8646	8.7396
5.8542	8.7396
5.8542	8.7083
5.8333	8.7083
5.8333	8.6979
5.8229	8.6979
5.8229	8.6875
5.8125	8.6875
5.8125	8.6667
5.8333	8.6667
5.8333	8.6250
5.9167	8.6250
5.9167	8.5938
5.9271	8.5938
5.9271	8.6042
5.9375	8.6042
5.9375	8.6146
5.9479	8.6146
5.9479	8.6250
5.9583	8.6250
5.9583	8.6458
5.9792	8.6458
5.9792	8.6562
5.9896	8.6562
5.9896	8.6667
6.0000	8.6667
6.0000	8.6771
6.0104	8.6771
6.0104	8.6562
6.0208	8.6562
6.0208	8.6667
6.0312	8.6667
6.0312	8.6146
6.0208	8.6146
6.0208	8.6354
6.0104	8.6354
6.0104	8.5938
6.0000	8.5938
6.0000	8.5833
6.0312	8.5833
6.0312	8.5938
6.0417	8.5938
6.0417	8.6042
6.0521	8.6042
6.0521	8.5833
6.0729	8.5833
6.0729	8.5938
6.0625	8.5938
6.0625	8.6354
6.0729	8.6354
6.0729	8.6250
6.0833	8.6250
6.0833	8.6458
6.1146	8.6458
6.1146	8.7188
6.1458	8.7188
6.1458	8.7083
6.1354	8.7083
6.1354	8.6875
6.1562	8.6875
6.1562	8.6562
6.1354	8.6562
6.1354	8.6458
6.1250	8.6458
6.1250	8.6354
6.1146	8.6354
6.1146	8.6250
6.1354	8.6250
6.1354	8.6042
6.1146	8.6042
6.1146	8.5938
6.1042	8.5938
6.1042	8.5729
6.1146	8.5729
6.1146	8.5625
6.1250	8.5625
6.1250	8.5417
6.1354	8.5417
6.1354	8.5625
6.1458	8.5625
6.1458	8.5729
6.1562	8.5729
6.1562	8.5833
6.1667	8.5833
6.1667	8.6042
6.1771	8.6042
6.1771	8.6250
6.1875	8.6250
6.1875	8.6146
6.2083	8.6146
6.2083	8.6250
6.1979	8.6250
6.1979	8.6667
6.2083	8.6667
6.2083	8.6771
6.2188	8.6771
6.2188	8.6667
6.2292	8.6667
6.2292	8.6042
6.2396	8.6042
6.2396	8.6354
6.2500	8.6354
6.2500	8.6250
6.3125	8.6250
6.3125	8.6042
6.3021	8.6042
6.3021	8.5938
6.2812	8.5938
6.2812	8.5521
6.2708	8.5521
6.2708	8.5417
6.2500	8.5417
6.2500	8.5521
6.2396	8.5521
6.2396	8.5833
6.2188	8.5833
6.2188	8.6042
6.2083	8.6042
6.2083	8.5729
6.2188	8.5729
6.2188	8.5417
6.2083	8.5417
6.2083	8.5312
6.1979	8.5312
6.1979	8.5208
6.1875	8.5208
6.1875	8.5104
6.2083	8.5104
6.2083	8.5000
6.2188	8.5000
6.2188	8.5104
6.2292	8.5104
6.2292	8.5000
6.2396	8.5000
6.2396	8.5208
6.2500	8.5208
6.2500	8.5312
6.2604	8.5312
6.2604	8.5000
6.2500	8.5000
6.2500	8.4583
6.3125	8.4583
6.3125	8.4688
6.3229	8.4688
6.3229	8.4792
6.3333	8.4792
6.3333	8.4896
6.3438	8.4896
6.3438	8.5000
6.3542	8.5000
6.3542	8.5208
6.3750	8.5208
6.3750	8.5104
6.3854	8.5104
6.3854	8.4792
6.3750	8.4792
6.3750	8.4583
6.3854	8.4583
6.3854	8.4792
6.4062	8.4792
6.4062	8.4583
6.4271	8.4583
6.4271	8.4688
6.4375	8.4688
6.4375	8.4792
6.4583	8.4792
6.4583	8.4688
6.4792	8.4688
6.4792	8.4375
6.4688	8.4375
6.4688	8.4167
6.5000	8.4167
6.5000	8.4479
6.5104	8.4479
6.5104	8.4896
6.5208	8.4896
6.5208	8.5000
6.5104	8.5000
6.5104	8.5208
6.5208	8.5208
6.5208	8.5104
6.5312	8.5104
6.5312	8.5000
6.5417	8.5000
6.5417	8.4896
6.5521	8.4896
6.5521	8.4792
6.5417	8.4792
6.5417	8.4583
6.5312	8.4583
6.5312	8.4375
6.5208	8.4375
6.5208	8.4167
6.5625	8.4167
6.5625	8.4375
6.5729	8.4375
6.5729	8.4688
6.5938	8.4688
6.5938	8.5000
6.6042	8.5000
6.6042	8.5104
6.6146	8.5104
6.6146	8.5312
6.6250	8.5312
6.6250	8.5208
6.6354	8.5208
6.6354	8.5000
6.6146	8.5000
6.6146	8.4896
6.6250	8.4896
6.6250	8.4688
6.6354	8.4688
6.6354	8.4479
6.6458	8.4479
6.6458	8.4375
6.6562	8.4375
6.6562	8.4688
6.6667	8.4688
6.6667	8.5000
6.6875	8.5000
6.6875	8.4896
6.7083	8.4896
6.7083	8.5000
6.7292	8.5000
6.7292	8.4688
6.7500	8.4688
6.7500	8.4479
6.7604	8.4479
6.7604	8.4167
6.7500	8.4167
6.7500	8.4062
6.7396	8.4062
6.7396	8.3542
6.7500	8.3542
6.7500	8.3646
6.7604	8.3646
6.7604	8.3750
6.7708	8.3750
6.7708	8.4167
6.7917	8.4167
6.7917	8.4062
6.8021	8.4062
6.8021	8.3958
6.7917	8.3958
6.7917	8.3646
6.8021	8.3646
6.8021	8.3854
6.8125	8.3854
6.8125	8.4062
6.8229	8.4062
6.8229	8.4271
6.8333	8.4271
6.8333	8.4062
6.8438	8.4062
6.8438	8.3854
6.8542	8.3854
6.8542	8.3646
6.8438	8.3646
6.8438	8.3438
6.8646	8.3438
6.8646	8.3542
6.8854	8.3542
6.8854	8.3438
6.8750	8.3438
6.8750	8.3125
6.8854	8.3125
6.8854	8.2917
6.9375	8.2917
6.9375	8.2812
6.9167	8.2812
6.9167	8.2604
6.9271	8.2604
6.9271	8.2500
6.9896	8.2500
6.9896	8.2708
7.0000	8.2708
7.0000	8.2812
6.9792	8.2812
6.9792	8.2708
6.9688	8.2708
6.9688	8.2917
6.9583	8.2917
6.9583	8.3021
6.9479	8.3021
6.9479	8.3125
6.9375	8.3125
6.9375	8.3229
6.9688	8.3229
6.9688	8.3021
6.9792	8.3021
6.9792	8.2917
6.9896	8.2917
6.9896	8.3229
7.0000	8.3229
7.0000	8.3438
6.9792	8.3438
6.9792	8.3750
7.0104	8.3750
7.0104	8.3854
7.0208	8.3854
7.0208	8.3750
7.0312	8.3750
7.0312	8.3438
7.0521	8.3438
7.0521	8.3021
7.0729	8.3021
7.0729	8.3125
7.0938	8.3125
7.0938	8.3021
7.1042	8.3021
7.1042	8.2812
7.1146	8.2812
7.1146	8.3021
7.1354	8.3021
7.1354	8.2812
7.1667	8.2812
7.1667	8.2708
7.1979	8.2708
7.1979	8.2812
7.2083	8.2812
7.2083	8.2500
7.2292	8.2500
7.2292	8.2292
7.2604	8.2292
7.2604	8.2188
7.2917	8.2188
7.2917	8.2292
7.3021	8.2292
7.3021	8.2396
7.3229	8.2396
7.3229	8.2500
7.3333	8.2500
7.3333	8.1979
7.3646	8.1979
7.3646	8.1875
7.3854	8.1875
7.3854	8.1562
7.4479	8.1562
7.4479	8.1458
7.4583	8.1458
7.4583	8.1562
7.4688	8.1562
7.4688	8.1250
7.5000	8.1250
7.5000	8.1146
7.4896	8.1146
7.4896	8.1042
7.5000	8.1042
7.5000	8.0938
7.5104	8.0938
7.5104	8.1042
7.5208	8.1042
7.5208	8.1250
7.5417	8.1250
7.5417	8.1042
7.5625	8.1042
7.5625	8.0938
7.5833	8.0938
7.5833	8.0833
7.5625	8.0833
7.5625	8.0729
7.5417	8.0729
7.5417	8.0417
7.5521	8.0417
7.5521	8.0208
7.5625	8.0208
7.5625	8.0312
7.5729	8.0312
7.5729	8.0521
7.5833	8.0521
7.5833	8.0625
7.6042	8.0625
7.6042	8.0417
7.6146	8.0417
7.6146	8.0208
7.6354	8.0208
7.6354	8.0104
7.6458	8.0104
7.6458	8.0208
7.6562	8.0208
7.6562	8.0312
7.6354	8.0312
7.6354	8.0625
7.7188	8.0625
7.7188	8.0312
7.7812	8.0312
7.7812	8.0417
7.8021	8.0417
7.8021	8.0625
7.8438	8.0625
7.8438	8.0729
7.8542	8.0729
7.8542	8.0417
7.8333	8.0417
7.8333	8.0000
7.8958	8.0000
7.8958	8.0208
7.9167	8.0208
7.9167	8.0312
7.9271	8.0312
7.9271	8.0417
7.9375	8.0417
7.9375	8.0625
7.9479	8.0625
7.9479	8.0208
7.9792	8.0208
7.9792	7.9792
8.0208	7.9792
8.0208	7.9375
8.0417	7.9375
8.0417	7.9271
8.0521	7.9271
8.0521	7.9375
8.0729	7.9375
8.0729	7.9271
8.1042	7.9271
8.1042	7.9167
8.1562	7.9167
8.1562	7.9583
8.2188	7.9583
8.2188	7.9792
8.2292	7.9792
8.2292	7.9583
8.2500	7.9583
8.2500	7.9167
8.2292	7.9167
8.2292	7.8750
8.2500	7.8750
8.2500	7.8646
8.2604	7.8646
8.2604	7.8542
8.2500	7.8542
8.2500	7.8333
8.2292	7.8333
8.2292	7.8021
8.2188	7.8021
8.2188	7.7917
8.2396	7.7917
8.2396	7.8021
8.2500	7.8021
8.2500	7.8229
8.2812	7.8229
8.2812	7.8438
8.3438	7.8438
8.3438	7.8229
8.3333	7.8229
8.3333	7.7917
8.3229	7.7917
8.3229	7.7708
8.3125	7.7708
8.3125	7.7604
8.3333	7.7604
8.3333	7.7188
8.3125	7.7188
8.3125	7.7292
8.3021	7.7292
8.3021	7.7604
8.2708	7.7604
8.2708	7.7396
8.2396	7.7396
8.2396	7.7188
8.2292	7.7188
8.2292	7.7083
8.2188	7.7083
8.2188	7.6875
8.2500	7.6875
8.2500	7.6146
8.2812	7.6146
8.2812	7.5833
8.2917	7.5833
8.2917	7.5938
8.3021	7.5938
8.3021	7.5833
8.3125	7.5833
8.3125	7.6042
8.3229	7.6042
8.3229	7.6146
8.3438	7.6146
8.3438	7.5938
8.3646	7.5938
8.3646	7.6458
8.3854	7.6458
8.3854	7.6354
8.3958	7.6354
8.3958	7.6667
8.4271	7.6667
8.4271	7.6771
8.4375	7.6771
8.4375	7.6458
8.4479	7.6458
8.4479	7.6667
8.4583	7.6667
8.4583	7.6979
8.4792	7.6979
8.4792	7.7083
8.4688	7.7083
8.4688	7.7396
8.4792	7.7396
8.4792	7.7292
8.4896	7.7292
8.4896	7.7604
8.5104	7.7604
8.5104	7.7188
8.5208	7.7188
8.5208	7.7083
8.5312	7.7083
8.5312	7.6979
8.5417	7.6979
8.5417	7.6875
8.5521	7.6875
8.5521	7.6771
8.5625	7.6771
8.5625	7.6667
8.5729	7.6667
8.5729	7.6562
8.5938	7.6562
8.5938	7.6354
8.6042	7.6354
8.6042	7.6146
8.5833	7.6146
8.5833	7.6354
8.5729	7.6354
8.5729	7.6042
8.5833	7.6042
8.5833	7.5729
8.5729	7.5729
8.5729	7.5417
8.5833	7.5417
8.5833	7.5208
8.5729	7.5208
8.5729	7.5104
8.6042	7.5104
8.6042	7.5208
8.5938	7.5208
8.5938	7.5521
8.6042	7.5521
8.6042	7.5729
8.6146	7.5729
8.6146	7.6146
8.6250	7.6146
8.6250	7.6354
8.6562	7.6354
8.6562	7.6250
8.6667	7.6250
8.6667	7.6146
8.6771	7.6146
8.6771	7.6042
8.6875	7.6042
8.6875	7.5938
8.6771	7.5938
8.6771	7.5729
8.6667	7.5729
8.6667	7.5833
8.6458	7.5833
8.6458	7.5625
8.6354	7.5625
8.6354	7.5417
8.6458	7.5417
8.6458	7.5208
8.6562	7.5208
8.6562	7.5417
8.6875	7.5417
8.6875	7.5521
8.6979	7.5521
8.6979	7.5938
8.7083	7.5938
8.7083	7.5833
8.7188	7.5833
8.7188	7.5729
8.7292	7.5729
8.7292	7.5625
8.7604	7.5625
8.7604	7.5312
8.7708	7.5312
8.7708	7.5208
8.7604	7.5208
8.7604	7.5000
8.7708	7.5000
8.7708	7.5104
8.7917	7.5104
8.7917	7.5208
8.8125	7.5208
8.8125	7.5104
8.8229	7.5104
8.8229	7.5000
8.8125	7.5000
8.8125	7.4792
8.8229	7.4792
8.8229	7.4479
8.8333	7.4479
8.8333	7.4375
8.8438	7.4375
8.8438	7.4479
8.8854	7.4479
8.8854	7.4375
8.8646	7.4375
8.8646	7.4167
8.8542	7.4167
8.8542	7.3854
8.8438	7.3854
8.8438	7.3646
8.8333	7.3646
8.8333	7.3542
8.8229	7.3542
8.8229	7.3438
8.8125	7.3438
8.8125	7.3542
8.7917	7.3542
8.7917	7.3438
8.7812	7.3438
8.7812	7.3021
8.7708	7.3021
8.7708	7.2917
8.7604	7.2917
8.7604	7.2812
8.7396	7.2812
8.7396	7.3125
8.7188	7.3125
8.7188	7.3229
8.6979	7.3229
8.6979	7.3438
8.7188	7.3438
8.7188	7.3542
8.7292	7.3542
8.7292	7.3646
8.7188	7.3646
8.7188	7.3854
8.7083	7.3854
8.7083	7.3958
8.6979	7.3958
8.6979	7.3750
8.7083	7.3750
8.7083	7.3542
8.6979	7.3542
8.6979	7.3646
8.6875	7.3646
8.6875	7.3333
8.6771	7.3333
8.6771	7.3125
8.6667	7.3125
8.6667	7.3021
8.6562	7.3021
8.6562	7.2917
8.6458	7.2917
8.6458	7.2812
8.6667	7.2812
8.6667	7.2917
8.6771	7.2917
8.6771	7.3021
8.6875	7.3021
8.6875	7.2812
8.6979	7.2812
8.6979	7.2917
8.7083	7.2917
8.7083	7.3021
8.7188	7.3021
8.7188	7.2708
8.7292	7.2708
8.7292	7.2500
8.7396	7.2500
8.7396	7.2396
8.7500	7.2396
8.7500	7.2604
8.7604	7.2604
8.7604	7.2708
8.7812	7.2708
8.7812	7.2500
8.8125	7.2500
8.8125	7.2396
8.8229	7.2396
8.8229	7.2500
8.8438	7.2500
8.8438	7.1875
8.8854	7.1875
8.8854	7.1979
8.8958	7.1979
8.8958	7.2083
8.9062	7.2083
8.9062	7.2188
8.9167	7.2188
8.9167	7.2292
8.9375	7.2292
8.9375	7.2500
8.9479	7.2500
8.9479	7.2604
8.9688	7.2604
8.9688	7.2188
8.9583	7.2188
8.9583	7.1979
8.9792	7.1979
8.9792	7.1875
8.9688	7.1875
8.9688	7.1771
8.9583	7.1771
8.9583	7.1667
8.9479	7.1667
8.9479	7.1354
8.9375	7.1354
8.9375	7.1250
8.9479	7.1250
8.9479	7.1042
8.9375	7.1042
8.9375	7.0938
8.9479	7.0938
8.9479	7.0833
8.9583	7.0833
8.9583	7.0729
8.9375	7.0729
8.9375	7.0625
8.9271	7.0625
8.9271	7.0521
8.9062	7.0521
8.9062	7.0729
8.9167	7.0729
8.9167	7.0833
8.8958	7.0833
8.8958	7.0729
8.8854	7.0729
8.8854	7.0625
8.8750	7.0625
8.8750	7.0521
8.8958	7.0521
8.8958	7.0417
8.9167	7.0417
8.9167	7.0208
8.9375	7.0208
8.9375	7.0000
8.9479	7.0000
8.9479	7.0208
8.9583	7.0208
8.9583	7.0312
8.9688	7.0312
8.9688	7.0417
8.9792	7.0417
8.9792	7.0729
9.0000	7.0729
9.0000	7.1042
8.9792	7.1042
8.9792	7.0938
8.9688	7.0938
8.9688	7.1354
8.9583	7.1354
8.9583	7.1458
8.9792	7.1458
8.9792	7.1354
8.9896	7.1354
8.9896	7.1250
9.0000	7.1250
9.0000	7.1354
9.0104	7.1354
9.0104	7.1562
9.0417	7.1562
9.0417	7.1979
9.0312	7.1979
9.0312	7.2083
9.0208	7.2083
9.0208	7.2292
9.0521	7.2292
9.0521	7.2396
9.0625	7.2396
9.0625	7.2292
9.0729	7.2292
9.0729	7.2188
9.0833	7.2188
9.0833	7.1979
9.0729	7.1979
9.0729	7.1771
9.0833	7.1771
9.0833	7.1875
9.1042	7.1875
9.1042	7.1562
9.1146	7.1562
9.1146	7.1458
9.1250	7.1458
9.1250	7.1354
9.1146	7.1354
9.1146	7.1146
9.1250	7.1146
9.1250	7.1042
9.1354	7.1042
9.1354	7.0938
9.1458	7.0938
9.1458	7.0833
9.1562	7.0833
9.1562	7.0729
9.1667	7.0729
9.1667	7.0625
9.1771	7.0625
9.1771	7.0521
9.1875	7.0521
9.1875	7.0417
9.1979	7.0417
9.1979	7.0312
9.1875	7.0312
9.1875	7.0104
9.1667	7.0104
9.1667	7.0000
9.1771	7.0000
9.1771	6.9896
9.1875	6.9896
9.1875	6.9479
9.1771	6.9479
9.1771	6.9375
9.1875	6.9375
9.1875	6.9271
9.1771	6.9271
9.1771	6.9062
9.1875	6.9062
9.1875	6.8958
9.2083	6.8958
9.2083	6.8750
9.1979	6.8750
9.1979	6.8646
9.1771	6.8646
9.1771	6.8542
9.1875	6.8542
9.1875	6.8438
9.1979	6.8438
9.1979	6.8125
9.2188	6.8125
9.2188	6.8229
9.2083	6.8229
9.2083	6.8333
9.2188	6.8333
9.2188	6.8646
9.2292	6.8646
9.2292	6.8854
9.2500	6.8854
9.2500	6.8958
9.2604	6.8958
9.2604	6.9062
9.2396	6.9062
9.2396	6.9583
9.2188	6.9583
9.2188	6.9688
9.1979	6.9688
9.1979	7.0104
9.2083	7.0104
9.2083	7.0000
9.2188	7.0000
9.2188	6.9896
9.2292	6.9896
9.2292	7.0000
9.2396	7.0000
9.2396	6.9896
9.2500	6.9896
9.2500	6.9792
9.2604	6.9792
9.2604	6.9688
9.2708	6.9688
9.2708	6.9583
9.2812	6.9583
9.2812	6.9479
9.2917	6.9479
9.2917	6.9167
9.3333	6.9167
9.3333	6.9062
9.3646	6.9062
9.3646	6.8854
9.3958	6.8854
9.3958	6.8542
9.4479	6.8542
9.4479	6.8229
9.4375	6.8229
9.4375	6.8125
9.4167	6.8125
9.4167	6.7917
9.3854	6.7917
9.3854	6.7812
9.3750	6.7812
9.3750	6.8021
9.3646	6.8021
9.3646	6.7188
9.3542	6.7188
9.3542	6.7083
9.3438	6.7083
9.3438	6.6875
9.3333	6.6875
9.3333	6.6771
9.3438	6.6771
9.3438	6.6562
9.3333	6.6562
9.3333	6.6354
9.3229	6.6354
9.3229	6.6250
9.3438	6.6250
9.3438	6.6042
9.3542	6.6042
9.3542	6.6146
9.3646	6.6146
9.3646	6.6458
9.3750	6.6458
9.3750	6.6562
9.3646	6.6562
9.3646	6.7083
9.3750	6.7083
9.3750	6.6875
9.3854	6.6875
9.3854	6.6771
9.3958	6.6771
9.3958	6.6458
9.3854	6.6458
9.3854	6.6354
9.4167	6.6354
9.4167	6.6250
9.4271	6.6250
9.4271	6.6667
9.4479	6.6667
9.4479	6.6979
9.4375	6.6979
9.4375	6.7396
9.4479	6.7396
9.4479	6.7500
9.4792	6.7500
9.4792	6.7292
9.4688	6.7292
9.4688	6.6979
9.4792	6.6979
9.4792	6.6875
9.4896	6.6875
9.4896	6.6771
9.5000	6.6771
9.5000	6.6667
9.4792	6.6667
9.4792	6.6562
9.4688	6.6562
9.4688	6.6458
9.4583	6.6458
9.4583	6.6354
9.4479	6.6354
9.4479	6.6146
9.4375	6.6146
9.4375	6.6042
9.4583	6.6042
9.4583	6.5938
9.4375	6.5938
9.4375	6.5625
9.4271	6.5625
9.4271	6.5312
9.4167	6.5312
9.4167	6.5208
9.4479	6.5208
9.4479	6.5417
9.4583	6.5417
9.4583	6.5521
9.4792	6.5521
9.4792	6.5625
9.4583	6.5625
9.4583	6.5729
9.4792	6.5729
9.4792	6.5833
9.5000	6.5833
9.5000	6.5625
9.5104	6.5625
9.5104	6.5521
9.5208	6.5521
9.5208	6.5417
9.5104	6.5417
9.5104	6.5312
9.4896	6.5312
9.4896	6.5417
9.4792	6.5417
9.4792	6.5208
9.4896	6.5208
9.4896	6.5000
9.5104	6.5000
9.5104	6.4688
9.5208	6.4688
9.5208	6.4479
9.5312	6.4479
9.5312	6.4688
9.5417	6.4688
9.5417	6.5208
9.5521	6.5208
9.5521	6.5312
9.5625	6.5312
9.5625	6.5417
9.5729	6.5417
9.5729	6.5625
9.5833	6.5625
9.5833	6.5729
9.5938	6.5729
9.5938	6.5938
9.6042	6.5938
9.6042	6.5625
9.6146	6.5625
9.6146	6.5521
9.6042	6.5521
9.6042	6.5417
9.5938	6.5417
9.5938	6.5104
9.6042	6.5104
9.6042	6.5000
9.5729	6.5000
9.5729	6.4896
9.5938	6.4896
9.5938	6.4583
9.5833	6.4583
9.5833	6.4479
9.5729	6.4479
9.5729	6.4375
9.5833	6.4375
9.5833	6.4062
9.5938	6.4062
9.5938	6.4167
9.6042	6.4167
9.6042	6.4271
9.6146	6.4271
9.6146	6.4792
9.6250	6.4792
9.6250	6.4896
9.6458	6.4896
9.6458	6.5000
9.6562	6.5000
9.6562	6.4688
9.6458	6.4688
9.6458	6.4583
9.6354	6.4583
9.6354	6.4167
9.6250	6.4167
9.6250	6.4062
9.6354	6.4062
9.6354	6.3854
9.6250	6.3854
9.6250	6.3750
9.6146	6.3750
9.6146	6.3646
9.6042	6.3646
9.6042	6.3542
9.6146	6.3542
9.6146	6.3333
9.5938	6.3333
9.5938	6.3229
9.6146	6.3229
9.6146	6.3125
9.6562	6.3125
9.6562	6.3229
9.6875	6.3229
9.6875	6.3125
9.6979	6.3125
9.6979	6.2917
9.7188	6.2917
9.7188	6.2812
9.7292	6.2812
9.7292	6.2604
9.7500	6.2604
9.7500	6.2396
9.7396	6.2396
9.7396	6.1771
9.7292	6.1771
9.7292	6.1562
9.7188	6.1562
9.7188	6.1250
9.7604	6.1250
9.7604	6.0938
9.7500	6.0938
9.7500	6.0833
9.7604	6.0833
9.7604	6.0625
9.7708	6.0625
9.7708	6.0208
9.8125	6.0208
9.8125	5.9271
9.8229	5.9271
9.8229	5.9062
9.8125	5.9062
9.8125	5.8542
9.7917	5.8542
9.7917	5.8021
9.8021	5.8021
9.8021	5.7917
9.8125	5.7917
9.8125	5.7812
9.8021	5.7812
9.8021	5.7708
9.7917	5.7708
9.7917	5.7500
9.7708	5.7500
9.7708	5.7396
9.7812	5.7396
9.7812	5.7188
9.7708	5.7188
9.7708	5.7292
9.7604	5.7292
9.7604	5.7396
9.7500	5.7396
9.7500	5.7292
9.7604	5.7292
9.7604	5.7188
9.7500	5.7188
9.7500	5.6354
9.7604	5.6354
9.7604	5.6667
9.7708	5.6667
9.7708	5.6771
9.7812	5.6771
9.7812	5.7083
9.8021	5.7083
9.8021	5.6667
9.7917	5.6667
9.7917	5.6562
9.7812	5.6562
9.7812	5.5833
9.7708	5.5833
9.7708	5.5938
9.7604	5.5938
9.7604	5.5625
9.7500	5.5625
9.7500	5.5208
9.7604	5.5208
9.7604	5.5104
9.7500	5.5104
9.7500	5.5000
9.7604	5.5000
9.7604	5.4896
9.7708	5.4896
9.7708	5.5521
9.8021	5.5521
9.8021	5.5000
9.8125	5.5000
9.8125	5.4792
9.8229	5.4792
9.8229	5.4583
9.8646	5.4583
9.8646	5.4375
9.8542	5.4375
9.8542	5.4271
9.8333	5.4271
9.8333	5.4167
9.8229	5.4167
9.8229	5.3958
9.8125	5.3958
9.8125	5.3854
9.8021	5.3854
9.8021	5.3646
9.7917	5.3646
9.7917	5.3542
9.7812	5.3542
9.7812	5.3438
9.7917	5.3438
9.7917	5.3125
9.7812	5.3125
9.7812	5.3229
9.7708	5.3229
9.7708	5.3438
9.7604	5.3438
9.7604	5.3542
9.7500	5.3542
9.7500	5.3125
9.7708	5.3125
9.7708	5.3021
9.7604	5.3021
9.7604	5.2917
9.7500	5.2917
9.7500	5.2708
9.7604	5.2708
9.7604	5.2812
9.7708	5.2812
9.7708	5.2917
9.7812	5.2917
9.7812	5.3021
9.7917	5.3021
9.7917	5.2812
9.8021	5.2812
9.8021	5.2708
9.7917	5.2708
9.7917	5.2500
9.8125	5.2500
9.8125	5.2396
9.8021	5.2396
9.8021	5.2292
9.7917	5.2292
9.7917	5.2188
9.7708	5.2188
9.7708	5.1667
9.7917	5.1667
9.7917	5.1354
9.7812	5.1354
9.7812	5.1250
9.7708	5.1250
9.7708	5.1042
9.7812	5.1042
9.7812	5.1146
9.7917	5.1146
9.7917	5.0938
9.8125	5.0938
9.8125	4.9688
9.8021	4.9688
9.8021	4.9583
9.7917	4.9583
9.7917	4.9062
9.7812	4.9062
9.7812	4.8750
9.7604	4.8750
9.7604	4.8438
9.7500	4.8438
9.7500	4.8333
9.7604	4.8333
9.7604	4.8229
9.7708	4.8229
9.7708	4.8125
9.7604	4.8125
9.7604	4.7708
9.7500	4.7708
9.7500	4.7604
9.7292	4.7604
9.7292	4.7396
9.7396	4.7396
9.7396	4.7292
9.7292	4.7292
9.7292	4.7188
9.7188	4.7188
9.7188	4.6979
9.7292	4.6979
9.7292	4.7083
9.7396	4.7083
9.7396	4.7188
9.7500	4.7188
9.7500	4.7292
9.7604	4.7292
9.7604	4.7083
9.7812	4.7083
9.7812	4.7188
9.7917	4.7188
9.7917	4.6875
9.8021	4.6875
9.8021	4.6771
9.7604	4.6771
9.7604	4.6562
9.7500	4.6562
9.7500	4.6458
9.7604	4.6458
9.7604	4.6146
9.7396	4.6146
9.7396	4.6042
9.7500	4.6042
9.7500	4.5938
9.7292	4.5938
9.7292	4.6042
9.7188	4.6042
9.7188	4.5729
9.7292	4.5729
9.7292	4.5417
9.7396	4.5417
9.7396	4.5208
9.7500	4.5208
9.7500	4.5104
9.7708	4.5104
9.7708	4.5208
9.7812	4.5208
9.7812	4.5312
9.7708	4.5312
9.7708	4.5521
9.7812	4.5521
9.7812	4.5625
9.7917	4.5625
9.7917	4.5104
9.7812	4.5104
9.7812	4.4896
9.7917	4.4896
9.7917	4.4062
9.8021	4.4062
9.8021	4.3958
9.8125	4.3958
9.8125	4.3854
9.8229	4.3854
9.8229	4.3229
9.8333	4.3229
9.8333	4.3021
9.8542	4.3021
9.8542	4.2604
9.8646	4.2604
9.8646	4.2500
9.9167	4.2500
9.9167	4.2604
9.9688	4.2604
9.9688	4.2708
10.0104	4.2708
10.0104	4.2500
10.0000	4.2500
10.0000	4.2396
9.9896	4.2396
9.9896	4.2083
9.9583	4.2083
9.9583	4.1979
9.9375	4.1979
9.9375	4.1354
9.9479	4.1354
9.9479	4.1146
9.9583	4.1146
9.9583	4.1042
9.8854	4.1042
9.8854	4.0833
9.8646	4.0833
9.8646	4.0729
9.8854	4.0729
9.8854	4.0625
9.8958	4.0625
9.8958	4.0521
9.9167	4.0521
9.9167	4.0312
9.8958	4.0312
9.8958	4.0208
9.8750	4.0208
9.8750	4.0104
9.8542	4.0104
9.8542	3.9792
9.8646	3.9792
9.8646	3.9688
9.8750	3.9688
9.8750	3.9583
9.8854	3.9583
9.8854	3.9479
9.8958	3.9479
9.8958	3.9583
9.9062	3.9583
9.9062	3.9688
9.8958	3.9688
9.8958	3.9896
9.9271	3.9896
9.9271	3.9792
9.9479	3.9792
9.9479	3.9688
9.9375	3.9688
9.9375	3.9479
9.9583	3.9479
9.9583	3.9688
9.9792	3.9688
9.9792	3.9479
10.0729	3.9479
10.0729	3.9792
10.1146	3.9792
10.1146	3.9688
10.1458	3.9688
10.1458	3.9583
10.1354	3.9583
10.1354	3.9062
10.1146	3.9062
10.1146	3.8854
10.1042	3.8854
10.1042	3.8229
10.1146	3.8229
10.1146	3.8125
10.1354	3.8125
10.1354	3.8021
10.1250	3.8021
10.1250	3.7917
10.1354	3.7917
10.1354	3.7812
10.1458	3.7812
10.1458	3.7708
10.1354	3.7708
10.1354	3.7500
10.1562	3.7500
10.1562	3.7396
10.1771	3.7396
10.1771	3.7292
10.1875	3.7292
10.1875	3.7396
10.2083	3.7396
10.2083	3.7188
10.2188	3.7188
10.2188	3.7396
10.2500	3.7396
10.2500	3.7188
10.2917	3.7188
10.2917	3.7708
10.2812	3.7708
10.2812	3.8021
10.2604	3.8021
10.2604	3.8333
10.2917	3.8333
10.2917	3.8542
10.3021	3.8542
10.3021	3.8438
10.3542	3.8438
10.3542	3.8542
10.3646	3.8542
10.3646	3.8750
10.3958	3.8750
10.3958	3.8958
10.4062	3.8958
10.4062	3.9167
10.4167	3.9167
10.4167	3.8854
10.4271	3.8854
10.4271	3.8750
10.4792	3.8750
10.4792	3.8854
10.4896	3.8854
10.4896	3.8958
10.5104	3.8958
10.5104	3.9062
10.5208	3.9062
10.5208	3.8958
10.5417	3.8958
10.5417	3.8750
10.5625	3.8750
10.5625	3.8333
10.5833	3.8333
10.5833	3.7812
10.6146	3.7812
10.6146	3.7604
10.6771	3.7604
10.6771	3.7500
10.6562	3.7500
10.6562	3.6667
10.6667	3.6667
10.6667	3.6562
10.6979	3.6562
10.6979	3.6458
10.7083	3.6458
10.7083	3.6146
10.7188	3.6146
10.7188	3.5938
10.7396	3.5938
10.7396	3.6354
10.7604	3.6354
10.7604	3.6458
10.7708	3.6458
10.7708	3.6562
10.8229	3.6562
10.8229	3.6875
10.8542	3.6875
10.8542	3.7292
10.8438	3.7292
10.8438	3.7396
10.8333	3.7396
10.8333	3.7500
10.8229	3.7500
10.8229	3.7604
10.8333	3.7604
10.8333	3.7812
10.8750	3.7812
10.8750	3.8125
10.9375	3.8125
10.9375	3.8021
10.9479	3.8021
10.9479	3.7604
11.0104	3.7604
11.0104	3.7708
11.0208	3.7708
11.0208	3.7812
11.0312	3.7812
11.0312	3.8438
11.0625	3.8438
11.0625	3.8333
11.0938	3.8333
11.0938	3.8229
11.1042	3.8229
11.1042	3.8125
11.1146	3.8125
11.1146	3.8021
11.1667	3.8021
11.1667	3.8125
11.1771	3.8125
11.1771	3.8229
11.2292	3.8229
11.2292	3.8854
11.2188	3.8854
11.2188	3.9167
11.2083	3.9167
11.2083	3.9271
11.1979	3.9271
11.1979	3.9583
11.1875	3.9583
11.1875	3.9896
11.1458	3.9896
11.1458	4.0000
11.1354	4.0000
11.1354	4.0625
11.1250	4.0625
11.1250	4.0729
11.1458	4.0729
11.1458	4.0625
11.1562	4.0625
11.1562	4.0521
11.1875	4.0521
11.1875	4.0000
11.2083	4.0000
11.2083	3.9792
11.2396	3.9792
11.2396	3.9688
11.3438	3.9688
11.3438	3.9792
11.3542	3.9792
11.3542	4.0208
11.3646	4.0208
11.3646	3.9896
11.4271	3.9896
11.4271	4.0000
11.4479	4.0000
11.4479	4.0208
11.4583	4.0208
11.4583	4.0104
11.5104	4.0104
11.5104	4.0000
11.5208	4.0000
11.5208	3.9688
11.5417	3.9688
11.5417	3.9896
11.5521	3.9896
11.5521	4.0000
11.5938	4.0000
11.5938	4.0208
11.6042	4.0208
11.6042	4.0625
11.6146	4.0625
11.6146	4.0729
11.6458	4.0729
11.6458	4.0625
11.6979	4.0625
11.6979	4.0729
11.7083	4.0729
11.7083	4.0833
11.7292	4.0833
11.7292	4.0729
11.7396	4.0729
11.7396	4.0521
11.7604	4.0521
11.7604	4.0417
11.7708	4.0417
11.7708	4.0208
11.7812	4.0208
11.7812	4.0104
11.7917	4.0104
11.7917	4.0312
11.8021	4.0312
11.8021	4.0521
11.8333	4.0521
11.8333	4.0625
11.8438	4.0625
11.8438	4.0833
11.8542	4.0833
11.8542	4.0417
11.8438	4.0417
11.8438	4.0312
11.8958	4.0312
11.8958	4.0417
11.9271	4.0417
11.9271	4.0312
11.9375	4.0312
11.9375	4.0208
11.9479	4.0208
11.9479	4.0000
11.9583	4.0000
11.9583	4.0208
11.9792	4.0208
11.9792	4.0312
11.9896	4.0312
11.9896	4.0417
11.9792	4.0417
11.9792	4.0521
11.9688	4.0521
11.9688	4.0417
11.9583	4.0417
11.9583	4.0521
11.9271	4.0521
11.9271	4.0625
11.9167	4.0625
11.9167	4.0729
11.9062	4.0729
11.9062	4.0833
11.8958	4.0833
11.8958	4.1042
11.8854	4.1042
11.8854	4.0729
11.8958	4.0729
11.8958	4.0625
11.8750	4.0625
11.8750	4.0938
11.8646	4.0938
11.8646	4.1042
11.8542	4.1042
11.8542	4.1146
11.8438	4.1146
11.8438	4.1250
11.8542	4.1250
11.8542	4.1562
11.8646	4.1562
11.8646	4.1667
11.8542	4.1667
11.8542	4.1771
11.8438	4.1771
11.8438	4.1875
11.8021	4.1875
11.8021	4.2292
11.8125	4.2292
11.8125	4.2604
11.8333	4.2604
11.8333	4.2188
11.8854	4.2188
11.8854	4.2292
11.9062	4.2292
11.9062	4.2396
11.9479	4.2396
11.9479	4.2708
11.9583	4.2708
11.9583	4.2812
11.9688	4.2812
11.9688	4.2708
12.0208	4.2708
12.0208	4.2396
12.0417	4.2396
12.0417	4.2500
12.0521	4.2500
12.0521	4.2396
12.0625	4.2396
12.0625	4.2500
12.0833	4.2500
12.0833	4.2604
12.1042	4.2604
12.1042	4.2708
12.1250	4.2708
12.1250	4.2812
12.1354	4.2812
12.1354	4.2917
12.1250	4.2917
12.1250	4.3021
12.1354	4.3021
12.1354	4.3125
12.1771	4.3125
12.1771	4.3958
12.1562	4.3958
12.1562	4.4167
12.1458	4.4167
12.1458	4.4271
12.1354	4.4271
12.1354	4.4375
12.1771	4.4375
12.1771	4.4271
12.1875	4.4271
12.1875	4.4167
12.2396	4.4167
12.2396	4.4688
12.2500	4.4688
12.2500	4.4792
12.2812	4.4792
12.2812	4.5938
12.2708	4.5938
12.2708	4.6354
12.2604	4.6354
12.2604	4.6562
12.2708	4.6562
12.2708	4.6458
12.3021	4.6458
12.3021	4.6042
12.3229	4.6042
12.3229	4.5938
12.3854	4.5938
12.3854	4.6146
12.4062	4.6146
12.4062	4.5833
12.3958	4.5833
12.3958	4.5521
12.4062	4.5521
12.4062	4.5729
12.4271	4.5729
12.4271	4.5625
12.4375	4.5625
12.4375	4.5521
12.4479	4.5521
12.4479	4.5208
12.4688	4.5208
12.4688	4.5312
12.4583	4.5312
12.4583	4.5625
12.4479	4.5625
12.4479	4.5938
12.4375	4.5938
12.4375	4.6146
12.4479	4.6146
12.4479	4.6354
12.4271	4.6354
12.4271	4.6250
12.4167	4.6250
12.4167	4.6562
12.4479	4.6562
12.4479	4.6667
12.4583	4.6667
12.4583	4.6562
12.4792	4.6562
12.4792	4.6771
12.4896	4.6771
12.4896	4.6875
12.4792	4.6875
12.4792	4.7292
12.5000	4.7292
12.5000	4.7188
12.5104	4.7188
12.5104	4.6979
12.5312	4.6979
12.5312	4.6875
12.5417	4.6875
12.5417	4.6771
12.5625	4.6771
12.5625	4.6667
12.5729	4.6667
12.5729	4.6562
12.5833	4.6562
12.5833	4.6771
12.5729	4.6771
12.5729	4.6979
12.5625	4.6979
12.5625	4.7083
12.5417	4.7083
12.5417	4.7292
12.5312	4.7292
12.5312	4.7500
12.5417	4.7500
12.5417	4.7812
12.5521	4.7812
12.5521	4.7917
12.5729	4.7917
12.5729	4.8021
12.5938	4.8021
12.5938	4.8229
12.5833	4.8229
12.5833	4.8125
12.5729	4.8125
12.5729	4.8438
12.5938	4.8438
12.5938	4.8646
12.5833	4.8646
12.5833	4.8750
12.5729	4.8750
12.5729	4.8854
12.5625	4.8854
12.5625	4.9062
12.5729	4.9062
12.5729	4.9896
12.5625	4.9896
12.5625	5.0000
12.5417	5.0000
12.5417	5.0104
12.5208	5.0104
12.5208	5.0312
12.5104	5.0312
12.5104	5.0417
12.5521	5.0417
12.5521	5.0625
12.5625	5.0625
12.5625	5.0729
12.6458	5.0729
12.6458	5.0833
12.6562	5.0833
12.6562	5.1250
12.6667	5.1250
12.6667	5.1042
12.7188	5.1042
12.7188	5.1354
12.7604	5.1354
12.7604	5.1562
12.7708	5.1562
12.7708	5.1667
12.7812	5.1667
12.7812	5.1771
12.7917	5.1771
12.7917	5.1979
12.8021	5.1979
12.8021	5.2083
12.7917	5.2083
12.7917	5.2188
12.8125	5.2188
12.8125	5.2292
12.8229	5.2292
12.8229	5.2812
12.8542	5.2812
12.8542	5.2708
12.8854	5.2708
12.8854	5.2812
12.8750	5.2812
12.8750	5.2917
12.8542	5.2917
12.8542	5.3438
12.8438	5.3438
12.8438	5.3854
12.7917	5.3854
12.7917	5.3750
12.7812	5.3750
12.7812	5.3333
12.7500	5.3333
12.7500	5.3958
12.7292	5.3958
12.7292	5.4062
12.7396	5.4062
12.7396	5.4271
12.8125	5.4271
12.8125	5.4792
12.7812	5.4792
12.7812	5.4896
12.7708	5.4896
12.7708	5.5000
12.7604	5.5000
12.7604	5.5417
12.7500	5.5417
12.7500	5.5833
12.7396	5.5833
12.7396	5.5938
12.7500	5.5938
12.7500	5.6146
12.7604	5.6146
12.7604	5.6042
12.7708	5.6042
12.7708	5.5729
12.8021	5.5729
12.8021	5.5625
12.8125	5.5625
12.8125	5.5521
12.8333	5.5521
12.8333	5.5312
12.8438	5.5312
12.8438	5.5104
12.9167	5.5104
12.9167	5.5729
12.8958	5.5729
12.8958	5.6042
12.8854	5.6042
12.8854	5.6354
12.8333	5.6354
12.8333	5.6458
12.8229	5.6458
12.8229	5.6667
12.8438	5.6667
12.8438	5.6771
12.8646	5.6771
12.8646	5.6875
12.8750	5.6875
12.8750	5.7812
12.8542	5.7812
12.8542	5.7917
12.8854	5.7917
12.8854	5.8021
12.9479	5.8021
12.9479	5.8125
12.9688	5.8125
12.9688	5.8021
12.9792	5.8021
12.9792	5.8125
12.9896	5.8125
12.9896	5.8333
12.9792	5.8333
12.9792	5.8854
12.9896	5.8854
12.9896	5.8958
12.9792	5.8958
12.9792	5.9271
12.9479	5.9271
12.9479	5.9062
12.9271	5.9062
12.9271	5.8958
12.9167	5.8958
12.9167	5.9062
12.9062	5.9062
12.9062	5.9167
12.8854	5.9167
12.8854	5.9688
12.8750	5.9688
12.8750	5.9792
12.8854	5.9792
12.8854	5.9896
12.8958	5.9896
12.8958	6.0000
12.9062	6.0000
12.9062	6.0417
12.9167	6.0417
12.9167	6.0312
12.9792	6.0312
12.9792	6.0729
12.9896	6.0729
12.9896	6.0625
13.0104	6.0625
13.0104	6.0729
13.0208	6.0729
13.0208	6.0833
13.0104	6.0833
13.0104	6.0938
13.0208	6.0938
13.0208	6.1042
13.0312	6.1042
13.0312	6.1250
13.0417	6.1250
13.0417	6.1562
13.0625	6.1562
13.0625	6.1458
13.0833	6.1458
13.0833	6.1667
13.0729	6.1667
13.0729	6.1771
13.0521	6.1771
13.0521	6.1979
13.0417	6.1979
13.0417	6.2083
13.0312	6.2083
13.0312	6.2188
13.0208	6.2188
13.0208	6.2292
13.0104	6.2292
13.0104	6.2500
13.0000	6.2500
13.0000	6.2604
12.9896	6.2604
12.9896	6.2500
12.9792	6.2500
12.9792	6.2812
13.0104	6.2812
13.0104	6.3750
13.0000	6.3750
13.0000	6.3854
12.9792	6.3854
12.9792	6.4062
12.9688	6.4062
12.9688	6.4167
13.0000	6.4167
13.0000	6.4062
13.0104	6.4062
13.0104	6.3958
13.0208	6.3958
13.0208	6.3854
13.0417	6.3854
13.0417	6.4062
13.0521	6.4062
13.0521	6.3958
13.0625	6.3958
13.0625	6.3854
13.0729	6.3854
13.0729	6.4062
13.0833	6.4062
13.0833	6.4167
13.0938	6.4167
13.0938	6.4271
13.1146	6.4271
13.1146	6.4479
13.1250	6.4479
13.1250	6.4583
13.1458	6.4583
13.1458	6.4479
13.1667	6.4479
13.1667	6.4583
13.1771	6.4583
13.1771	6.4479
13.1875	6.4479
13.1875	6.4896
13.1979	6.4896
13.1979	6.5000
13.1875	6.5000
13.1875	6.5208
13.1667	6.5208
13.1667	6.5312
13.1562	6.5312
13.1562	6.5417
13.1458	6.5417
13.1458	6.5729
13.1562	6.5729
13.1562	6.6042
13.1354	6.6042
13.1354	6.6146
13.1042	6.6146
13.1042	6.6562
13.1146	6.6562
13.1146	6.6667
13.1250	6.6667
13.1250	6.6771
13.1354	6.6771
13.1354	6.7396
13.1458	6.7396
13.1458	6.7500
13.1667	6.7500
13.1667	6.8125
13.1875	6.8125
13.1875	6.8333
13.1771	6.8333
13.1771	6.8646
13.1979	6.8646
13.1979	6.8750
13.2292	6.8750
13.2292	6.9062
13.2396	6.9062
13.2396	6.9167
13.2500	6.9167
13.2500	6.9271
13.2604	6.9271
13.2604	6.9688
13.2708	6.9688
13.2708	6.9896
13.2917	6.9896
13.2917	7.0312
13.3125	7.0312
13.3125	7.0417
13.3229	7.0417
13.3229	7.0625
13.3333	7.0625
13.3333	7.0312
13.3438	7.0312
13.3438	7.0417
13.3646	7.0417
13.3646	7.0312
13.3750	7.0312
13.3750	7.0521
13.3854	7.0521
13.3854	7.0417
13.3958	7.0417
13.3958	7.0312
13.3854	7.0312
13.3854	7.0208
13.3958	7.0208
13.3958	7.0104
13.4062	7.0104
13.4062	7.0208
13.4167	7.0208
13.4167	7.0000
13.4271	7.0000
13.4271	7.0417
13.4167	7.0417
13.4167	7.0833
13.3958	7.0833
13.3958	7.0938
13.3854	7.0938
13.3854	7.1042
13.3750	7.1042
13.3750	7.0938
13.3646	7.0938
13.3646	7.1146
13.3750	7.1146
13.3750	7.1250
13.3542	7.1250
13.3542	7.1562
13.3750	7.1562
13.3750	7.1458
13.3958	7.1458
13.3958	7.1250
13.4167	7.1250
13.4167	7.1354
13.4271	7.1354
13.4271	7.1458
13.4167	7.1458
13.4167	7.1562
13.4062	7.1562
13.4062	7.1667
13.4167	7.1667
13.4167	7.1979
13.4271	7.1979
13.4271	7.1875
13.4375	7.1875
13.4375	7.1771
13.4479	7.1771
13.4479	7.1875
13.4583	7.1875
13.4583	7.2083
13.4271	7.2083
13.4271	7.2188
13.4479	7.2188
13.4479	7.2396
13.4688	7.2396
13.4688	7.2500
13.5208	7.2500
13.5208	7.2292
13.5521	7.2292
13.5521	7.2812
13.5417	7.2812
13.5417	7.2917
13.5312	7.2917
13.5312	7.3021
13.5104	7.3021
13.5104	7.3229
13.5208	7.3229
13.5208	7.3125
13.5312	7.3125
13.5312	7.3333
13.5521	7.3333
13.5521	7.3542
13.5729	7.3542
13.5729	7.3333
13.5833	7.3333
13.5833	7.3229
13.5625	7.3229
13.5625	7.3125
13.5729	7.3125
13.5729	7.3021
13.5833	7.3021
13.5833	7.3125
13.6042	7.3125
13.6042	7.3021
13.6250	7.3021
13.6250	7.3229
13.6354	7.3229
13.6354	7.3125
13.6458	7.3125
13.6458	7.3333
13.6354	7.3333
13.6354	7.3438
13.6250	7.3438
13.6250	7.3333
13.6042	7.3333
13.6042	7.3542
13.5938	7.3542
13.5938	7.3646
13.5833	7.3646
13.5833	7.3854
13.5938	7.3854
13.5938	7.3958
13.6146	7.3958
13.6146	7.3854
13.6354	7.3854
13.6354	7.3958
13.6250	7.3958
13.6250	7.4062
13.6146	7.4062
13.6146	7.4479
13.6042	7.4479
13.6042	7.4688
13.6458	7.4688
13.6458	7.4792
13.6562	7.4792
13.6562	7.4896
13.6771	7.4896
13.6771	7.5000
13.6875	7.5000
13.6875	7.5104
13.6771	7.5104
13.6771	7.5208
13.6667	7.5208
13.6667	7.5312
13.6875	7.5312
13.6875	7.5521
13.6667	7.5521
13.6667	7.5938
13.6562	7.5938
13.6562	7.6771
13.6667	7.6771
13.6667	7.6875
13.6875	7.6875
13.6875	7.6771
13.7500	7.6771
13.7500	7.6667
13.7708	7.6667
13.7708	7.6458
13.7917	7.6458
13.7917	7.6562
13.8229	7.6562
13.8229	7.6875
13.8438	7.6875
13.8438	7.7188
13.8229	7.7188
13.8229	7.7604
13.8438	7.7604
13.8438	7.7708
13.8750	7.7708
13.8750	7.8542
13.8542	7.8542
13.8542	7.8958
13.8438	7.8958
13.8438	7.9167
13.8958	7.9167
13.8958	7.9688
13.9062	7.9688
13.9062	7.9583
13.9375	7.9583
13.9375	7.9479
13.9583	7.9479
13.9583	7.9375
13.9688	7.9375
13.9688	7.9271
13.9792	7.9271
13.9792	7.9167
14.0000	7.9167
14.0000	7.8958
14.0625	7.8958
14.0625	7.9479
14.0521	7.9479
14.0521	7.9583
14.0625	7.9583
14.0625	8.0104
14.0521	8.0104
14.0521	8.0208
14.0729	8.0208
14.0729	8.0312
14.0833	8.0312
14.0833	8.0521
14.1354	8.0521
14.1354	8.1042
14.1458	8.1042
14.1458	8.1146
14.1771	8.1146
14.1771	8.0938
14.2396	8.0938
14.2396	8.1042
14.2604	8.1042
14.2604	8.1250
14.2917	8.1250
14.2917	8.1146
14.3021	8.1146
14.3021	8.1250
14.3125	8.1250
14.3125	8.1354
14.3021	8.1354
14.3021	8.1458
14.3125	8.1458
14.3125	8.1562
14.3229	8.1562
14.3229	8.1875
14.3438	8.1875
14.3438	8.2188
14.3646	8.2188
14.3646	8.2812
14.3438	8.2812
14.3438	8.3021
14.3646	8.3021
14.3646	8.2917
14.4167	8.2917
14.4167	8.3125
14.4479	8.3125
14.4479	8.3646
14.4167	8.3646
14.4167	8.3750
14.4271	8.3750
14.4271	8.3854
14.4792	8.3854
14.4792	8.3958
14.4896	8.3958
14.4896	8.4167
14.5729	8.4167
14.5729	8.4375
14.5938	8.4375
14.5938	8.4167
14.6146	8.4167
14.6146	8.4271
14.6354	8.4271
14.6354	8.3958
14.6458	8.3958
14.6458	8.3750
14.6562	8.3750
14.6562	8.3646
14.6667	8.3646
14.6667	8.3854
14.6771	8.3854
14.6771	8.3646
14.6875	8.3646
14.6875	8.3542
14.6979	8.3542
14.6979	8.3750
14.6875	8.3750
14.6875	8.3958
14.6979	8.3958
14.6979	8.4271
14.6771	8.4271
14.6771	8.4167
14.6562	8.4167
14.6562	8.4375
14.6667	8.4375
14.6667	8.4583
14.6354	8.4583
14.6354	8.4479
14.6250	8.4479
14.6250	8.4375
14.6146	8.4375
14.6146	8.4583
14.6042	8.4583
14.6042	8.4688
14.6250	8.4688
14.6250	8.4896
14.6354	8.4896
14.6354	8.5104
14.6458	8.5104
14.6458	8.5000
14.6667	8.5000
14.6667	8.5104
14.6771	8.5104
14.6771	8.5000
14.6875	8.5000
14.6875	8.4896
14.7083	8.4896
14.7083	8.5000
14.6979	8.5000
14.6979	8.5104
14.6875	8.5104
14.6875	8.5208
14.6771	8.5208
14.6771	8.5312
14.6979	8.5312
14.6979	8.5625
14.7292	8.5625
14.7292	8.5417
14.7396	8.5417
14.7396	8.5625
14.7604	8.5625
14.7604	8.5938
14.7812	8.5938
14.7812	8.5729
14.7708	8.5729
14.7708	8.5521
14.7500	8.5521
14.7500	8.5312
14.7396	8.5312
14.7396	8.5208
14.7500	8.5208
14.7500	8.5104
14.7604	8.5104
14.7604	8.5312
14.7812	8.5312
14.7812	8.5625
14.7917	8.5625
14.7917	8.5729
14.8021	8.5729
14.8021	8.5833
14.8125	8.5833
14.8125	8.5938
14.8333	8.5938
14.8333	8.6146
14.8229	8.6146
14.8229	8.6250
14.8438	8.6250
14.8438	8.6979
14.8854	8.6979
14.8854	8.6875
14.9271	8.6875
14.9271	8.6771
14.9479	8.6771
14.9479	8.6875
14.9583	8.6875
14.9583	8.6979
14.9688	8.6979
14.9688	8.7083
14.9583	8.7083
14.9583	8.7188
14.9792	8.7188
14.9792	8.7292
15.0000	8.7292
15.0000	8.7396
15.0104	8.7396
15.0104	8.7500
15.0625	8.7500
15.0625	8.7812
15.1354	8.7812
15.1354	8.8125
15.1979	8.8125
15.1979	8.8438
15.2292	8.8438
15.2292	8.8854
15.2188	8.8854
15.2188	8.8958
15.2083	8.8958
15.2083	8.9375
15.2292	8.9375
15.2292	8.9583
15.2396	8.9583
15.2396	8.9479
15.2708	8.9479
15.2708	8.9375
15.2812	8.9375
15.2812	8.9167
15.3021	8.9167
15.3021	8.8958
15.3229	8.8958
15.3229	8.9062
15.3646	8.9062
15.3646	8.9375
15.3750	8.9375
15.3750	8.9271
15.3854	8.9271
15.3854	8.9375
15.4375	8.9375
15.4375	8.9271
15.4479	8.9271
15.4479	8.9167
15.4375	8.9167
15.4375	8.9062
15.4271	8.9062
15.4271	8.8958
15.4375	8.8958
15.4375	8.8854
15.4062	8.8854
15.4062	8.8750
15.4167	8.8750
15.4167	8.8646
15.4375	8.8646
15.4375	8.8750
15.4479	8.8750
15.4479	8.8958
15.4583	8.8958
15.4583	8.9167
15.4688	8.9167
15.4688	8.9271
15.4583	8.9271
15.4583	8.9375
15.4479	8.9375
15.4479	8.9583
15.4688	8.9583
15.4688	8.9688
15.4583	8.9688
15.4583	8.9792
15.4688	8.9792
15.4688	8.9896
15.4792	8.9896
15.4792	9.0000
15.5104	9.0000
15.5104	9.0208
15.5312	9.0208
15.5312	9.0312
15.5417	9.0312
15.5417	9.0625
15.5521	9.0625
15.5521	9.0729
15.5625	9.0729
15.5625	9.1354
15.6354	9.1354
15.6354	9.1562
15.6458	9.1562
15.6458	9.1667
15.6562	9.1667
15.6562	9.1771
15.6667	9.1771
15.6667	9.1667
15.6771	9.1667
15.6771	9.1562
15.6875	9.1562
15.6875	9.1354
15.6979	9.1354
15.6979	9.1146
15.6875	9.1146
15.6875	9.0938
15.7083	9.0938
15.7083	9.1458
15.7188	9.1458
15.7188	9.1250
15.7292	9.1250
15.7292	9.1042
15.7500	9.1042
15.7500	9.1146
15.7708	9.1146
15.7708	9.1250
15.7812	9.1250
15.7812	9.1354
15.7708	9.1354
15.7708	9.1562
15.7500	9.1562
15.7500	9.2083
15.7396	9.2083
15.7396	9.2188
15.7292	9.2188
15.7292	9.2604
15.7396	9.2604
15.7396	9.2708
15.7604	9.2708
15.7604	9.2812
15.7708	9.2812
15.7708	9.2708
15.7812	9.2708
15.7812	9.2500
15.7708	9.2500
15.7708	9.2396
15.7604	9.2396
15.7604	9.2292
15.7812	9.2292
15.7812	9.2396
15.7917	9.2396
15.7917	9.2500
15.8125	9.2500
15.8125	9.1979
15.8229	9.1979
15.8229	9.2083
15.8333	9.2083
15.8333	9.2292
15.8542	9.2292
15.8542	9.2500
15.8646	9.2500
15.8646	9.2188
15.8854	9.2188
15.8854	9.2083
15.8750	9.2083
15.8750	9.1979
15.8958	9.1979
15.8958	9.2083
15.9167	9.2083
15.9167	9.2188
15.9479	9.2188
15.9479	9.2292
15.9583	9.2292
15.9583	9.2396
15.9375	9.2396
15.9375	9.2500
15.9271	9.2500
15.9271	9.2396
15.8958	9.2396
15.8958	9.2500
15.8750	9.2500
15.8750	9.2708
15.8854	9.2708
15.8854	9.2812
15.8958	9.2812
15.8958	9.2917
15.8854	9.2917
15.8854	9.3229
15.8750	9.3229
15.8750	9.3333
15.8646	9.3333
15.8646	9.3438
15.8542	9.3438
15.8542	9.3750
15.8854	9.3750
15.8854	9.4167
15.9062	9.4167
15.9062	9.4271
15.8958	9.4271
15.8958	9.4375
15.9271	9.4375
15.9271	9.4271
15.9167	9.4271
15.9167	9.4167
15.9271	9.4167
15.9271	9.4062
15.9375	9.4062
15.9375	9.4167
15.9479	9.4167
15.9479	9.3854
15.9688	9.3854
15.9688	9.3646
15.9792	9.3646
15.9792	9.3854
16.0000	9.3854
16.0000	9.4062
15.9896	9.4062
15.9896	9.4271
16.0000	9.4271
16.0000	9.4375
16.0104	9.4375
16.0104	9.4479
16.0000	9.4479
16.0000	9.4583
15.9792	9.4583
15.9792	9.4479
15.9896	9.4479
15.9896	9.4375
15.9792	9.4375
15.9792	9.4062
15.9583	9.4062
15.9583	9.4375
15.9688	9.4375
15.9688	9.4583
15.9583	9.4583
15.9583	9.4688
15.9792	9.4688
15.9792	9.5000
15.9896	9.5000
15.9896	9.4896
16.0000	9.4896
16.0000	9.4792
16.0208	9.4792
16.0208	9.4688
16.0312	9.4688
16.0312	9.4479
16.0208	9.4479
16.0208	9.4375
16.0312	9.4375
16.0312	9.4271
16.0417	9.4271
16.0417	9.4167
16.0625	9.4167
16.0625	9.4375
16.0417	9.4375
16.0417	9.4583
16.0521	9.4583
16.0521	9.4896
16.0833	9.4896
16.0833	9.4792
16.0938	9.4792
16.0938	9.4896
16.1042	9.4896
16.1042	9.5104
16.1146	9.5104
16.1146	9.5312
16.1042	9.5312
16.1042	9.5625
16.1146	9.5625
16.1146	9.5833
16.1250	9.5833
16.1250	9.5729
16.1354	9.5729
16.1354	9.5625
16.1562	9.5625
16.1562	9.5521
16.1667	9.5521
16.1667	9.5938
16.1771	9.5938
16.1771	9.6042
16.1875	9.6042
16.1875	9.5938
16.1979	9.5938
16.1979	9.5833
16.2083	9.5833
16.2083	9.5938
16.2292	9.5938
16.2292	9.6250
16.2188	9.6250
16.2188	9.6354
16.2083	9.6354
16.2083	9.6458
16.1979	9.6458
16.1979	9.6771
16.1875	9.6771
16.1875	9.6979
16.2188	9.6979
16.2188	9.7083
16.2292	9.7083
16.2292	9.7188
16.2396	9.7188
16.2396	9.7292
16.2500	9.7292
16.2500	9.7396
16.2604	9.7396
16.2604	9.7604
16.2708	9.7604
16.2708	9.7500
16.2917	9.7500
16.2917	9.7604
16.3229	9.7604
16.3229	9.7500
16.3333	9.7500
16.3333	9.7396
16.3438	9.7396
16.3438	9.7500
16.3542	9.7500
16.3542	9.7604
16.3646	9.7604
16.3646	9.8021
16.3542	9.8021
16.3542	9.8125
16.3646	9.8125
16.3646	9.8229
16.3854	9.8229
16.3854	9.8125
16.3958	9.8125
16.3958	9.8229
16.4062	9.8229
16.4062	9.8333
16.4271	9.8333
16.4271	9.8229
16.4375	9.8229
16.4375	9.8125
16.4583	9.8125
16.4583	9.8333
16.4375	9.8333
16.4375	9.8542
16.4688	9.8542
16.4688	9.8438
16.4896	9.8438
16.4896	9.8646
16.5000	9.8646
16.5000	9.8750
16.4792	9.8750
16.4792	9.8646
16.4688	9.8646
16.4688	9.8750
16.4583	9.8750
16.4583	9.8854
16.4479	9.8854
16.4479	9.8958
16.4688	9.8958
16.4688	9.9062
16.4792	9.9062
16.4792	9.9167
16.4583	9.9167
16.4583	9.9479
16.4688	9.9479
16.4688	9.9583
16.4792	9.9583
16.4792	9.9792
16.4688	9.9792
16.4688	9.9896
16.4792	9.9896
16.4792	10.0000
16.5000	10.0000
16.5000	10.0104
16.5104	10.0104
16.5104	10.0833
16.5312	10.0833
16.5312	10.1458
16.5521	10.1458
16.5521	10.1875
16.5625	10.1875
16.5625	10.2396
16.5521	10.2396
16.5521	10.2917
16.5312	10.2917
16.5312	10.3333
16.5833	10.3333
16.5833	10.3542
16.6146	10.3542
16.6146	10.3438
16.6667	10.3438
16.6667	10.3646
16.6771	10.3646
16.6771	10.3854
16.7604	10.3854
16.7604	10.4062
16.7917	10.4062
16.7917	10.4167
16.8021	10.4167
16.8021	10.4271
16.7917	10.4271
16.7917	10.4375
16.8021	10.4375
16.8021	10.4479
16.8229	10.4479
16.8229	10.4688
16.8333	10.4688
16.8333	10.4896
16.8229	10.4896
16.8229	10.5000
16.8438	10.5000
16.8438	10.5312
16.8229	10.5312
16.8229	10.5417
16.7917	10.5417
16.7917	10.5625
16.8438	10.5625
16.8438	10.5729
16.8542	10.5729
16.8542	10.5625
16.9167	10.5625
16.9167	10.5833
16.9271	10.5833
16.9271	10.5938
16.9167	10.5938
16.9167	10.6250
16.9271	10.6250
16.9271	10.6562
16.8750	10.6562
16.8750	10.6667
16.8646	10.6667
16.8646	10.7083
16.8542	10.7083
16.8542	10.7188
16.8229	10.7188
16.8229	10.7812
16.8333	10.7812
16.8333	10.8333
16.8438	10.8333
16.8438	10.8438
16.8542	10.8438
16.8542	10.9062
16.8854	10.9062
16.8854	10.9375
16.8958	10.9375
16.8958	10.9271
16.9062	10.9271
16.9062	10.8854
16.9167	10.8854
16.9167	10.8750
17.0208	10.8750
17.0208	10.8958
17.0312	10.8958
17.0312	10.9479
17.0104	10.9479
17.0104	10.9688
16.9896	10.9688
16.9896	10.9792
16.9583	10.9792
16.9583	10.9896
16.9479	10.9896
16.9479	11.0000
16.9375	11.0000
16.9375	11.0208
16.9167	11.0208
16.9167	11.0312
16.9271	11.0312
16.9271	11.0417
16.9583	11.0417
16.9583	11.0833
16.9792	11.0833
16.9792	11.0938
17.0000	11.0938
17.0000	11.1042
17.0417	11.1042
17.0417	11.1250
17.3021	11.1250
17.3021	11.1146
17.3229	11.1146
17.3229	11.1042
17.3438	11.1042
17.3438	11.0938
19.3854	11.0938
19.3854	11.1250
19.5208	11.1250
19.5208	11.1562
19.5312	11.1562
19.5312	11.1667
19.6667	11.1667
19.6667	11.1562
19.6875	11.1562
19.6875	11.1146
19.6979	11.1146
19.6979	10.7500
19.7188	10.7500
19.7188	10.6875
19.7083	10.6875
19.7083	10.5938
19.6979	10.5938
19.6979	10.5521
19.7083	10.5521
19.7083	10.4375
19.6979	10.4375
19.6979	10.3854
19.6875	10.3854
19.6875	10.1458
19.6771	10.1458
19.6771	10.1250
19.6667	10.1250
19.6667	10.0312
19.6354	10.0312
19.6354	9.9271
19.6250	9.9271
19.6250	9.9167
19.6146	9.9167
19.6146	9.9062
19.6042	9.9062
19.6042	9.7812
19.5729	9.7812
19.5729	9.6562
19.5417	9.6562
19.5417	9.5312
19.5104	9.5312
19.5104	9.3750
19.4792	9.3750
19.4792	9.2604
19.4688	9.2604
19.4688	9.2188
19.4479	9.2188
19.4479	9.1562
19.4167	9.1562
19.4167	9.0312
19.3854	9.0312
19.3854	8.9688
19.3542	8.9688
19.3542	8.8750
19.3229	8.8750
19.3229	8.8021
19.3125	8.8021
19.3125	8.7812
19.3021	8.7812
19.3021	8.7708
19.2917	8.7708
19.2917	8.7083
19.2812	8.7083
19.2812	8.6875
19.2604	8.6875
19.2604	8.5938
19.2292	8.5938
19.2292	8.5000
19.1979	8.5000
19.1979	8.4688
19.1875	8.4688
19.1875	8.4583
19.1771	8.4583
19.1771	8.4375
19.1667	8.4375
19.1667	8.3750
19.1354	8.3750
19.1354	8.2917
19.1250	8.2917
19.1250	8.2812
19.0625	8.2812
19.0625	8.2500
19.0521	8.2500
19.0521	8.1875
19.0417	8.1875
19.0417	8.1562
19.0104	8.1562
19.0104	8.0938
18.9792	8.0938
18.9792	8.0625
18.9479	8.0625
18.9479	7.9896
18.9375	7.9896
18.9375	7.9688
18.9271	7.9688
18.9271	7.9583
18.9062	7.9583
18.9062	7.9375
18.8958	7.9375
18.8958	7.9062
18.8854	7.9062
18.8854	7.8750
18.8542	7.8750
18.8542	7.8438
18.7917	7.8438
18.7917	7.8125
18.7604	7.8125
18.7604	7.8021
18.7500	7.8021
18.7500	7.7917
18.7396	7.7917
18.7396	7.7812
18.7292	7.7812
18.7292	7.7500
18.6667	7.7500
18.6667	7.7188
18.6354	7.7188
18.6354	7.6875
18.5938	7.6875
18.5938	7.6771
18.5833	7.6771
18.5833	7.6667
18.5729	7.6667
18.5729	7.6458
18.5625	7.6458
18.5625	7.6354
18.5521	7.6354
18.5521	7.6250
18.5417	7.6250
18.5417	7.5938
18.5208	7.5938
18.5208	7.5833
18.5312	7.5833
18.5312	7.5521
18.5000	7.5521
18.5000	7.5625
18.4792	7.5625
18.4792	7.5312
18.4479	7.5312
18.4479	7.5000
18.4167	7.5000
18.4167	7.4688
18.3854	7.4688
18.3854	7.4375
18.3542	7.4375
18.3542	7.4062
18.3229	7.4062
18.3229	7.3750
18.2917	7.3750
18.2917	7.3542
18.2812	7.3542
18.2812	7.3646
18.2708	7.3646
18.2708	7.3542
18.2604	7.3542
18.2604	7.3333
18.2917	7.3333
18.2917	7.3125
18.2812	7.3125
18.2812	7.3021
18.2708	7.3021
18.2708	7.3125
18.2604	7.3125
18.2604	7.3021
18.2083	7.3021
18.2083	7.2917
18.1979	7.2917
18.1979	7.2812
18.1771	7.2812
18.1771	7.2708
18.1667	7.2708
18.1667	7.2500
18.1562	7.2500
18.1562	7.2396
18.1354	7.2396
18.1354	7.2188
18.1042	7.2188
18.1042	7.2083
18.1146	7.2083
18.1146	7.1979
18.1042	7.1979
18.1042	7.1562
18.0417	7.1562
18.0417	7.1250
18.0104	7.1250
18.0104	7.0938
17.9792	7.0938
17.9792	7.0833
17.9688	7.0833
17.9688	7.0729
17.9583	7.0729
17.9583	7.0625
17.9479	7.0625
17.9479	7.0521
17.9375	7.0521
17.9375	7.0417
17.8646	7.0417
17.8646	7.0312
17.8229	7.0312
17.8229	7.0104
17.8125	7.0104
17.8125	7.0000
17.7604	7.0000
17.7604	6.9792
17.7188	6.9792
17.7188	6.9688
17.6667	6.9688
17.6667	6.9375
17.5417	6.9375
17.5417	6.9167
17.5312	6.9167
17.5312	6.8958
17.5104	6.8958
17.5104	6.9062
17.5208	6.9062
17.5208	6.9167
17.4688	6.9167
17.4688	6.8958
17.4583	6.8958
17.4583	6.8750
17.4792	6.8750
17.4792	6.8542
17.4688	6.8542
17.4688	6.8333
17.4792	6.8333
17.4792	6.8125
17.4688	6.8125
17.4688	6.8229
17.4583	6.8229
17.4583	6.8333
17.4271	6.8333
17.4271	6.8125
17.4167	6.8125
17.4167	6.8333
17.4062	6.8333
17.4062	6.8438
17.3958	6.8438
17.3958	6.8333
17.3750	6.8333
17.3750	6.8229
17.3646	6.8229
17.3646	6.8125
17.3542	6.8125
17.3542	6.8021
17.3438	6.8021
17.3438	6.7812
17.3542	6.7812
17.3542	6.7708
17.3438	6.7708
17.3438	6.7500
17.3229	6.7500
17.3229	6.7396
17.3125	6.7396
17.3125	6.7604
17.3021	6.7604
17.3021	6.7708
17.3125	6.7708
17.3125	6.8021
17.3021	6.8021
17.3021	6.8125
17.2917	6.8125
17.2917	6.8021
17.2708	6.8021
17.2708	6.7812
17.2604	6.7812
17.2604	6.7604
17.2500	6.7604
17.2500	6.7396
17.2604	6.7396
17.2604	6.7188
17.2500	6.7188
17.2500	6.7083
17.2396	6.7083
17.2396	6.6979
17.2292	6.6979
17.2292	6.6875
17.1771	6.6875
17.1771	6.6979
17.1667	6.6979
17.1667	6.6667
17.1458	6.6667
17.1458	6.6771
17.1354	6.6771
17.1354	6.6875
17.1146	6.6875
17.1146	6.6771
17.0833	6.6771
17.0833	6.6875
17.0729	6.6875
17.0729	6.6979
17.0521	6.6979
17.0521	6.6875
17.0104	6.6875
17.0104	6.6771
17.0000	6.6771
17.0000	6.6667
16.9896	6.6667
16.9896	6.6562
16.9688	6.6562
16.9688	6.6771
16.9583	6.6771
16.9583	6.6667
16.9479	6.6667
16.9479	6.6771
16.9271	6.6771
16.9271	6.6667
16.9375	6.6667
16.9375	6.6562
16.9479	6.6562
16.9479	6.6458
16.9375	6.6458
16.9375	6.6354
16.9271	6.6354
16.9271	6.6458
16.9062	6.6458
16.9062	6.6562
16.8958	6.6562
16.8958	6.6354
16.8854	6.6354
16.8854	6.6562
16.8542	6.6562
16.8542	6.6458
16.8646	6.6458
16.8646	6.6354
16.8750	6.6354
16.8750	6.6250
16.8542	6.6250
16.8542	6.6146
16.8438	6.6146
16.8438	6.6042
16.8333	6.6042
16.8333	6.5833
16.8229	6.5833
16.8229	6.6458
16.8125	6.6458
16.8125	6.6354
16.7917	6.6354
16.7917	6.6042
16.7812	6.6042
16.7812	6.6250
16.7396	6.6250
16.7396	6.6146
16.7292	6.6146
16.7292	6.5833
16.7188	6.5833
16.7188	6.5938
16.7083	6.5938
16.7083	6.5833
16.6979	6.5833
16.6979	6.5625
16.6354	6.5625
16.6354	6.5521
16.6250	6.5521
16.6250	6.5417
16.6146	6.5417
16.6146	6.5312
16.5625	6.5312
16.5625	6.5208
16.5312	6.5208
16.5312	6.5104
16.5000	6.5104
16.5000	6.5000
16.4688	6.5000
16.4688	6.4896
16.4583	6.4896
16.4583	6.4792
16.4271	6.4792
16.4271	6.4583
16.4167	6.4583
16.4167	6.4479
16.3854	6.4479
16.3854	6.4271
16.3646	6.4271
16.3646	6.4583
16.3750	6.4583
16.3750	6.4688
16.3542	6.4688
16.3542	6.4479
16.3438	6.4479
16.3438	6.3958
16.3333	6.3958
16.3333	6.3854
16.3542	6.3854
16.3542	6.3646
16.3333	6.3646
16.3333	6.3542
16.3125	6.3542
16.3125	6.3646
16.3021	6.3646
16.3021	6.3750
16.3229	6.3750
16.3229	6.3958
16.2917	6.3958
16.2917	6.4062
16.3021	6.4062
16.3021	6.4271
16.3125	6.4271
16.3125	6.4479
16.3021	6.4479
16.3021	6.4583
16.2917	6.4583
16.2917	6.4479
16.2604	6.4479
16.2604	6.4375
16.2500	6.4375
16.2500	6.4271
16.2292	6.4271
16.2292	6.4062
16.2396	6.4062
16.2396	6.3958
16.2604	6.3958
16.2604	6.3750
16.2708	6.3750
16.2708	6.3438
16.2604	6.3438
16.2604	6.3333
16.2396	6.3333
16.2396	6.3229
16.2500	6.3229
16.2500	6.3125
16.2812	6.3125
16.2812	6.3021
16.2604	6.3021
16.2604	6.2812
16.2500	6.2812
16.2500	6.2708
16.2604	6.2708
16.2604	6.2500
16.2396	6.2500
16.2396	6.2396
16.2188	6.2396
16.2188	6.2500
16.2292	6.2500
16.2292	6.2708
16.2396	6.2708
16.2396	6.2917
16.2292	6.2917
16.2292	6.3125
16.2188	6.3125
16.2188	6.3229
16.2083	6.3229
16.2083	6.3125
16.1979	6.3125
16.1979	6.2812
16.2083	6.2812
16.2083	6.2708
16.1979	6.2708
16.1979	6.2396
16.2188	6.2396
16.2188	6.2292
16.2083	6.2292
16.2083	6.2188
16.1979	6.2188
16.1979	6.1875
16.1667	6.1875
16.1667	6.0833
16.1562	6.0833
16.1562	6.0729
16.1458	6.0729
16.1458	6.0625
16.1354	6.0625
16.1354	6.0000
16.1042	6.0000
16.1042	5.9062
16.0729	5.9062
16.0729	5.8646
16.0625	5.8646
16.0625	5.8542
16.0521	5.8542
16.0521	5.8438
16.0417	5.8438
16.0417	5.7812
16.0521	5.7812
16.0521	5.7917
16.0625	5.7917
16.0625	5.8125
16.0729	5.8125
16.0729	5.7708
16.0625	5.7708
16.0625	5.7500
16.0521	5.7500
16.0521	5.7396
16.0417	5.7396
16.0417	5.7188
16.0312	5.7188
16.0312	5.7083
16.0208	5.7083
16.0208	5.6875
16.0312	5.6875
16.0312	5.6771
16.0104	5.6771
16.0104	5.6667
15.9896	5.6667
15.9896	5.6562
15.9688	5.6562
15.9688	5.6458
15.9583	5.6458
15.9583	5.6146
15.9479	5.6146
15.9479	5.5938
15.9375	5.5938
15.9375	5.5729
15.9271	5.5729
15.9271	5.5625
15.8958	5.5625
15.8958	5.5417
15.9167	5.5417
15.9167	5.5521
15.9271	5.5521
15.9271	5.5208
15.9062	5.5208
15.9062	5.5000
15.8750	5.5000
15.8750	5.5208
15.8854	5.5208
15.8854	5.5312
15.8542	5.5312
15.8542	5.5000
15.8229	5.5000
15.8229	5.4792
15.8333	5.4792
15.8333	5.4688
15.8438	5.4688
15.8438	5.4479
15.8542	5.4479
15.8542	5.4375
15.8646	5.4375
15.8646	5.4271
15.8438	5.4271
15.8438	5.4375
15.8333	5.4375
15.8333	5.4479
15.8229	5.4479
15.8229	5.4375
15.8021	5.4375
15.8021	5.4271
15.7917	5.4271
15.7917	5.4167
15.8021	5.4167
15.8021	5.4062
15.8125	5.4062
15.8125	5.3958
15.8229	5.3958
15.8229	5.3854
15.8333	5.3854
15.8333	5.3958
15.8542	5.3958
15.8542	5.3854
15.8438	5.3854
15.8438	5.3750
15.8333	5.3750
15.8333	5.3646
15.8125	5.3646
15.8125	5.3542
15.8229	5.3542
15.8229	5.3438
15.8333	5.3438
15.8333	5.3542
15.8438	5.3542
15.8438	5.3229
15.8125	5.3229
15.8125	5.3333
15.8021	5.3333
15.8021	5.3438
15.7917	5.3438
15.7917	5.3542
15.7708	5.3542
15.7708	5.3438
15.7604	5.3438
15.7604	5.3333
15.7292	5.3333
15.7292	5.3229
15.7396	5.3229
15.7396	5.3125
15.7500	5.3125
15.7500	5.2812
15.7396	5.2812
15.7396	5.2604
15.7604	5.2604
15.7604	5.2396
15.7396	5.2396
15.7396	5.2292
15.7292	5.2292
15.7292	5.2188
15.7188	5.2188
15.7188	5.1979
15.7396	5.1979
15.7396	5.1458
15.6875	5.1458
15.6875	5.1562
15.6354	5.1562
15.6354	5.1250
15.6562	5.1250
15.6562	5.1042
15.6458	5.1042
15.6458	5.0938
15.6354	5.0938
15.6354	5.0625
15.6250	5.0625
15.6250	5.0729
15.6146	5.0729
15.6146	5.0833
15.6042	5.0833
15.6042	5.0208
15.6250	5.0208
15.6250	5.0521
15.6354	5.0521
15.6354	5.0104
15.6250	5.0104
15.6250	4.9896
15.6146	4.9896
15.6146	4.9792
15.6042	4.9792
15.6042	4.9688
15.5729	4.9688
15.5729	4.9375
15.5938	4.9375
15.5938	4.9479
15.6146	4.9479
15.6146	4.9062
15.6042	4.9062
15.6042	4.9271
15.5938	4.9271
15.5938	4.9167
15.5833	4.9167
15.5833	4.8958
15.5729	4.8958
15.5729	4.8750
15.5938	4.8750
15.5938	4.8542
15.6146	4.8542
15.6146	4.8333
15.5833	4.8333
15.5833	4.8229
15.5729	4.8229
15.5729	4.8438
15.5625	4.8438
15.5625	4.8542
15.5521	4.8542
15.5521	4.8646
15.5625	4.8646
15.5625	4.8750
15.5417	4.8750
15.5417	4.8333
15.5521	4.8333
15.5521	4.8229
15.5417	4.8229
15.5417	4.7812
15.5104	4.7812
15.5104	4.6875
15.4792	4.6875
15.4792	4.5625
15.4479	4.5625
15.4479	4.4688
15.4167	4.4688
15.4167	4.4062
15.3854	4.4062
15.3854	4.3646
15.3750	4.3646
15.3750	4.3542
15.3646	4.3542
15.3646	4.3438
15.3854	4.3438
15.3854	4.3333
15.3958	4.3333
15.3958	4.3125
15.4062	4.3125
15.4062	4.3021
15.3854	4.3021
15.3854	4.2708
15.3750	4.2708
15.3750	4.2500
15.3646	4.2500
15.3646	4.2292
15.3542	4.2292
15.3542	4.2500
15.3438	4.2500
15.3438	4.2604
15.3333	4.2604
15.3333	4.2812
15.3229	4.2812
15.3229	4.2500
15.3333	4.2500
15.3333	4.2396
15.3229	4.2396
15.3229	4.2292
15.3125	4.2292
15.3125	4.2188
15.3229	4.2188
15.3229	4.2083
15.3125	4.2083
15.3125	4.1979
15.2917	4.1979
15.2917	4.1771
15.3021	4.1771
15.3021	4.1562
15.3125	4.1562
15.3125	4.1458
15.3021	4.1458
15.3021	4.1354
15.2917	4.1354
15.2917	4.1250
15.3021	4.1250
15.3021	4.1146
15.2812	4.1146
15.2812	4.1354
15.2708	4.1354
15.2708	4.1250
15.2604	4.1250
15.2604	4.1146
15.2500	4.1146
15.2500	4.1042
15.2604	4.1042
15.2604	4.0833
15.2292	4.0833
15.2292	4.0729
15.2396	4.0729
15.2396	4.0625
15.2500	4.0625
15.2500	4.0521
15.2604	4.0521
15.2604	4.0417
15.2708	4.0417
15.2708	4.0312
15.2604	4.0312
15.2604	4.0208
15.2292	4.0208
15.2292	4.0104
15.2396	4.0104
15.2396	4.0000
15.2292	4.0000
15.2292	3.9792
15.2500	3.9792
15.2500	3.9688
15.2396	3.9688
15.2396	3.9479
15.2292	3.9479
15.2292	3.9375
15.2188	3.9375
15.2188	3.9271
15.2396	3.9271
15.2396	3.8854
15.2500	3.8854
15.2500	3.8750
15.2396	3.8750
15.2396	3.8542
15.2292	3.8542
15.2292	3.8333
15.2188	3.8333
15.2188	3.8229
15.2083	3.8229
15.2083	3.8438
15.2188	3.8438
15.2188	3.8854
15.2292	3.8854
15.2292	3.8958
15.2188	3.8958
15.2188	3.9062
15.2083	3.9062
15.2083	3.9167
15.1979	3.9167
15.1979	3.9062
15.1667	3.9062
15.1667	3.8542
15.1458	3.8542
15.1458	3.8438
15.1354	3.8438
15.1354	3.8021
15.1250	3.8021
15.1250	3.7917
15.1146	3.7917
15.1146	3.7812
15.1042	3.7812
15.1042	3.7396
15.0938	3.7396
15.0938	3.7292
15.0833	3.7292
15.0833	3.7083
15.0938	3.7083
15.0938	3.6875
15.0833	3.6875
15.0833	3.6771
15.0729	3.6771
15.0729	3.6250
15.0417	3.6250
15.0417	3.5625
15.0104	3.5625
15.0104	3.4896
15.0312	3.4896
15.0312	3.4792
15.0417	3.4792
15.0417	3.4583
15.0208	3.4583
15.0208	3.4792
15.0104	3.4792
15.0104	3.4583
15.0000	3.4583
15.0000	3.4479
14.9896	3.4479
14.9896	3.4375
14.9792	3.4375
14.9792	3.3750
14.9479	3.3750
14.9479	3.3229
14.9271	3.3229
14.9271	3.3125
14.8854	3.3125
14.8854	3.2812
14.8958	3.2812
14.8958	3.2188
14.8854	3.2188
14.8854	3.1562
14.8542	3.1562
14.8542	3.1458
14.8125	3.1458
14.8125	3.1042
14.7917	3.1042
14.7917	3.0521
14.7812	3.0521
14.7812	3.0417
14.7708	3.0417
14.7708	3.0312
14.7292	3.0312
14.7292	3.0000
14.6979	3.0000
14.6979	2.9688
14.6562	2.9688
14.6562	2.9583
14.6250	2.9583
14.6250	2.8958
14.5833	2.8958
14.5833	2.8750
14.4792	2.8750
14.4792	2.7708
14.4167	2.7708
14.4167	2.6875
14.3958	2.6875
14.3958	2.6771
14.3854	2.6771
14.3854	2.6667
14.3542	2.6667
14.3542	2.6562
14.3125	2.6562
14.3125	2.6042
14.2396	2.6042
14.2396	2.5833
14.2292	2.5833
14.2292	2.5625
14.2188	2.5625
14.2188	2.5521
14.2083	2.5521
14.2083	2.5417
14.1667	2.5417
14.1667	2.5312
14.1562	2.5312
14.1562	2.5104
14.1042	2.5104
14.1042	2.4479
14.0938	2.4479
14.0938	2.4375
14.0417	2.4375
14.0417	2.4271
14.0312	2.4271
14.0312	2.4167
14.0104	2.4167
14.0104	2.4062
14.0000	2.4062
14.0000	2.3854
13.9792	2.3854
13.9792	2.3750
13.9688	2.3750
13.9688	2.3438
13.9062	2.3438
13.9062	2.2708
13.8229	2.2708
13.8229	2.2604
13.7917	2.2604
13.7917	2.2292
13.7812	2.2292
13.7812	2.2188
13.7604	2.2188
13.7604	2.1875
13.7396	2.1875
13.7396	2.1771
13.7292	2.1771
13.7292	2.1667
13.6875	2.1667
13.6875	2.1562
13.6771	2.1562
13.6771	2.1458
13.6458	2.1458
13.6458	2.0938
13.5521	2.0938
13.5521	2.0833
13.5417	2.0833
13.5417	2.0208
13.5312	2.0208
13.5312	2.0000
13.5104	2.0000
13.5104	1.9896
13.4271	1.9896
13.4271	1.9688
13.4062	1.9688
13.4062	1.9583
13.3854	1.9583
13.3854	1.9375
13.3750	1.9375
13.3750	1.9271
13.3333	1.9271
13.3333	1.8958
13.2500	1.8958
13.2500	1.8438
13.1979	1.8438
13.1979	1.8125
13.1042	1.8125
13.1042	1.7812
13.0104	1.7812
13.0104	1.7708
13.0000	1.7708
13.0000	1.7604
12.9896	1.7604
12.9896	1.7500
12.9271	1.7500
12.9271	1.7292
12.9062	1.7292
12.9062	1.7188
12.8958	1.7188
12.8958	1.7083
12.8542	1.7083
12.8542	1.7188
12.8438	1.7188
12.8438	1.6979
12.8229	1.6979
12.8229	1.6875
12.7917	1.6875
12.7917	1.6771
12.8229	1.6771
12.8229	1.6667
12.8125	1.6667
12.8125	1.6458
12.8021	1.6458
12.8021	1.6354
12.7708	1.6354
12.7708	1.6250
12.7812	1.6250
12.7812	1.6146
12.7708	1.6146
12.7708	1.6042
12.7500	1.6042
12.7500	1.6146
12.7396	1.6146
12.7396	1.6042
12.7292	1.6042
12.7292	1.5938
12.7188	1.5938
12.7188	1.6146
12.7292	1.6146
12.7292	1.6250
12.7083	1.6250
12.7083	1.6146
12.6979	1.6146
12.6979	1.5938
12.6146	1.5938
12.6146	1.5729
12.6042	1.5729
12.6042	1.5625
12.5417	1.5625
12.5417	1.5312
12.5312	1.5312
12.5312	1.5208
12.5104	1.5208
12.5104	1.5000
12.4479	1.5000
12.4479	1.4896
12.4375	1.4896
12.4375	1.4792
12.4271	1.4792
12.4271	1.4688
12.3854	1.4688
12.3854	1.4375
12.3229	1.4375
12.3229	1.4062
12.2917	1.4062
12.2917	1.3750
12.2604	1.3750
12.2604	1.3438
12.1979	1.3438
12.1979	1.3854
12.1875	1.3854
12.1875	1.3958
12.1667	1.3958
12.1667	1.3750
12.1354	1.3750
12.1354	1.3542
12.1250	1.3542
12.1250	1.3646
12.1146	1.3646
12.1146	1.3750
12.1042	1.3750
12.1042	1.3854
12.0938	1.3854
12.0938	1.4062
12.0729	1.4062
12.0729	1.3750
12.0625	1.3750
12.0625	1.3646
12.0729	1.3646
12.0729	1.3438
12.0833	1.3438
12.0833	1.3229
12.0625	1.3229
12.0625	1.3125
12.0417	1.3125
12.0417	1.3229
12.0312	1.3229
12.0312	1.3021
12.0208	1.3021
12.0208	1.3125
12.0104	1.3125
12.0104	1.2917
11.9792	1.2917
11.9792	1.3021
11.9896	1.3021
11.9896	1.3229
11.9583	1.3229
11.9583	1.2917
11.9375	1.2917
11.9375	1.2812
11.9167	1.2812
11.9167	1.3021
11.9271	1.3021
11.9271	1.3229
11.8750	1.3229
11.8750	1.3125
11.8854	1.3125
11.8854	1.3021
11.8646	1.3021
11.8646	1.2812
11.8542	1.2812
11.8542	1.2604
11.8854	1.2604
11.8854	1.2500
11.8958	1.2500
11.8958	1.2292
11.8854	1.2292
11.8854	1.2396
11.8646	1.2396
11.8646	1.2292
11.8542	1.2292
11.8542	1.2396
11.8438	1.2396
11.8438	1.2292
11.8229	1.2292
11.8229	1.2188
11.8125	1.2188
11.8125	1.2083
11.7917	1.2083
11.7917	1.2292
11.7812	1.2292
11.7812	1.2188
11.7708	1.2188
11.7708	1.2083
11.7604	1.2083
11.7604	1.2188
11.7083	1.2188
11.7083	1.2083
11.6875	1.2083
11.6875	1.1979
11.6771	1.1979
11.6771	1.1875
11.6667	1.1875
11.6667	1.1771
11.6458	1.1771
11.6458	1.1667
11.6354	1.1667
11.6354	1.1771
11.6250	1.1771
11.6250	1.1875
11.6146	1.1875
11.6146	1.1979
11.5833	1.1979
11.5833	1.1875
11.5729	1.1875
11.5729	1.1771
11.5521	1.1771
11.5521	1.1875
11.5417	1.1875
11.5417	1.1562
11.5312	1.1562
11.5312	1.1354
11.5417	1.1354
11.5417	1.1250
11.5521	1.1250
11.5521	1.1354
11.5729	1.1354
11.5729	1.1146
11.5521	1.1146
11.5521	1.1042
11.5208	1.1042
11.5208	1.1250
11.5000	1.1250
11.5000	1.1354
11.4896	1.1354
11.4896	1.1458
11.4688	1.1458
11.4688	1.1250
11.4583	1.1250
11.4583	1.1146
11.4479	1.1146
11.4479	1.1250
11.4271	1.1250
11.4271	1.1146
11.4167	1.1146
11.4167	1.1354
11.3958	1.1354
11.3958	1.1146
11.3854	1.1146
11.3854	1.0938
11.3646	1.0938
11.3646	1.1042
11.3333	1.1042
11.3333	1.0938
11.3229	1.0938
11.3229	1.0833
11.3125	1.0833
11.3125	1.0729
11.3021	1.0729
11.3021	1.0521
11.3125	1.0521
11.3125	1.0417
11.2917	1.0417
11.2917	1.0521
11.2708	1.0521
11.2708	1.0625
11.2396	1.0625
11.2396	1.0521
11.2188	1.0521
11.2188	1.0417
11.1562	1.0417
11.1562	1.0208
11.1354	1.0208
11.1354	0.9896
11.1250	0.9896
11.1250	0.9792
11.1146	0.9792
11.1146	0.9688
11.1042	0.9688
11.1042	0.9896
11.1146	0.9896
11.1146	1.0000
11.1042	1.0000
11.1042	1.0208
11.0938	1.0208
11.0938	1.0104
11.0625	1.0104
11.0625	1.0312
11.0833	1.0312
11.0833	1.0417
11.0625	1.0417
11.0625	1.0312
11.0521	1.0312
11.0521	1.0208
11.0312	1.0208
11.0312	1.0104
11.0521	1.0104
11.0521	0.9792
11.0312	0.9792
11.0312	0.9688
11.0208	0.9688
11.0208	1.0104
11.0104	1.0104
11.0104	1.0208
11.0208	1.0208
11.0208	1.0312
11.0000	1.0312
11.0000	1.0000
11.0104	1.0000
11.0104	0.9792
11.0000	0.9792
11.0000	0.9688
10.9792	0.9688
10.9792	0.9896
10.9896	0.9896
10.9896	1.0000
10.9688	1.0000
10.9688	0.9896
10.9583	0.9896
10.9583	0.9792
10.9479	0.9792
10.9479	0.9688
10.9688	0.9688
10.9688	0.9479
10.9896	0.9479
10.9896	0.9375
10.9479	0.9375
10.9479	0.9479
10.9375	0.9479
10.9375	0.9375
10.9271	0.9375
10.9271	0.9271
10.8958	0.9271
10.8958	0.9583
10.8854	0.9583
10.8854	0.9271
10.8438	0.9271
10.8438	0.9167
10.8229	0.9167
10.8229	0.9062
10.8125	0.9062
10.8125	0.9167
10.7917	0.9167
10.7917	0.9062
10.7812	0.9062
10.7812	0.8854
10.7604	0.8854
10.7604	0.8750
10.7396	0.8750
10.7396	0.8646
10.7292	0.8646
10.7292	0.9062
10.7500	0.9062
10.7500	0.9167
10.7083	0.9167
10.7083	0.8958
10.7188	0.8958
10.7188	0.8750
10.6146	0.8750
10.6146	0.8542
10.6042	0.8542
10.6042	0.8438
10.5417	0.8438
10.5417	0.8333
10.5000	0.8333
10.5000	0.8125
10.5104	0.8125
10.5104	0.7917
10.5000	0.7917
10.5000	0.8021
10.4896	0.8021
10.4896	0.8125
10.4688	0.8125
10.4688	0.7917
10.4583	0.7917
10.4583	0.8021
10.4271	0.8021
10.4271	0.8229
10.3854	0.8229
10.3854	0.8125
10.3958	0.8125
10.3958	0.8021
10.4062	0.8021
10.4062	0.7917
10.4167	0.7917
10.4167	0.7812
10.4375	0.7812
10.4375	0.7708
10.4271	0.7708
10.4271	0.7604
10.4167	0.7604
10.4167	0.7500
10.4062	0.7500
10.4062	0.7708
10.3958	0.7708
10.3958	0.7604
10.3750	0.7604
10.3750	0.7292
10.3542	0.7292
10.3542	0.7396
10.3646	0.7396
10.3646	0.7812
10.3542	0.7812
10.3542	0.7917
10.3438	0.7917
10.3438	0.7812
10.3125	0.7812
10.3125	0.7917
10.2812	0.7917
10.2812	0.7812
10.2917	0.7812
10.2917	0.7604
10.3021	0.7604
10.3021	0.7396
10.3125	0.7396
10.3125	0.7292
10.3021	0.7292
10.3021	0.7188
10.2812	0.7188
10.2812	0.7396
10.2708	0.7396
10.2708	0.7500
10.2604	0.7500
10.2604	0.7396
10.2500	0.7396
10.2500	0.7188
10.2396	0.7188
10.2396	0.7083
10.2188	0.7083
10.2188	0.7188
10.2292	0.7188
10.2292	0.7500
10.2188	0.7500
10.2188	0.7396
10.2083	0.7396
10.2083	0.7292
10.1875	0.7292
10.1875	0.7083
10.1771	0.7083
10.1771	0.6979
10.1875	0.6979
10.1875	0.6875
10.1771	0.6875
10.1771	0.6771
10.1667	0.6771
10.1667	0.6875
10.1562	0.6875
10.1562	0.7292
10.1458	0.7292
10.1458	0.6979
10.1354	0.6979
10.1354	0.6875
10.1458	0.6875
10.1458	0.6771
10.1354	0.6771
10.1354	0.6667
10.1250	0.6667
10.1250	0.6979
10.0833	0.6979
10.0833	0.6875
10.0625	0.6875
10.0625	0.6771
10.0521	0.6771
10.0521	0.6667
10.0417	0.6667
10.0417	0.6771
10.0312	0.6771
10.0312	0.6875
10.0208	0.6875
10.0208	0.6771
10.0104	0.6771
10.0104	0.6562
10.0000	0.6562
10.0000	0.6458
9.9896	0.6458
9.9896	0.6562
9.9792	0.6562
9.9792	0.6458
9.9583	0.6458
9.9583	0.6354
9.9479	0.6354
9.9479	0.6250
9.9583	0.6250
9.9583	0.6042
9.9375	0.6042
9.9375	0.5938
9.9167	0.5938
9.9167	0.5833
9.9062	0.5833
9.9062	0.5938
9.8958	0.5938
9.8958	0.6042
9.8750	0.6042
9.8750	0.5938
9.8438	0.5938
9.8438	0.5833
9.8333	0.5833
9.8333	0.5938
9.8229	0.5938
9.8229	0.6042
9.7812	0.6042
9.7812	0.5938
9.7708	0.5938
9.7708	0.6042
9.7500	0.6042
9.7500	0.5938
9.7292	0.5938
9.7292	0.5729
9.7083	0.5729
9.7083	0.5833
9.6979	0.5833
9.6979	0.5938
9.6875	0.5938
9.6875	0.6042
9.6979	0.6042
9.6979	0.6354
9.7083	0.6354
9.7083	0.6458
9.6979	0.6458
9.6979	0.6562
9.6771	0.6562
9.6771	0.6667
9.6562	0.6667
9.6562	0.6562
9.6667	0.6562
9.6667	0.6354
9.6771	0.6354
9.6771	0.6250
9.6875	0.6250
9.6875	0.6146
9.6667	0.6146
9.6667	0.6250
9.6562	0.6250
9.6562	0.6146
9.6458	0.6146
9.6458	0.6042
9.6146	0.6042
9.6146	0.5938
9.5938	0.5938
9.5938	0.6042
9.6042	0.6042
9.6042	0.6146
9.6146	0.6146
9.6146	0.6250
9.5938	0.6250
9.5938	0.6146
9.5833	0.6146
9.5833	0.6250
9.5417	0.6250
9.5417	0.5833
9.4271	0.5833
9.4271	0.5938
9.4062	0.5938
9.4062	0.6354
9.3750	0.6354
9.3750	0.6458
9.3646	0.6458
9.3646	0.6042
9.2708	0.6042
9.2708	0.6354
9.2396	0.6354
9.2396	0.6458
9.2188	0.6458
9.2188	0.5833
9.1979	0.5833
9.1979	0.5729
9.1875	0.5729
9.1875	0.5625
9.0729	0.5625
9.0729	0.5521
9.0312	0.5521
9.0312	0.5417
8.9375	0.5417
8.9375	0.4896
8.8438	0.4896
8.8438	0.5208
8.8229	0.5208
8.8229	0.5104
8.7604	0.5104
8.7604	0.4896
8.6875	0.4896
8.6875	0.4792
8.5938	0.4792
8.5938	0.4375
8.6250	0.4375
8.6250	0.3438
8.5208	0.3438
8.5208	0.4062
8.5000	0.4062
8.5000	0.4167
8.4896	0.4167
8.4896	0.4479
8.4792	0.4479
8.4792	0.4375
8.4688	0.4375
8.4688	0.4271
8.3750	0.4271
8.3750	0.4479
8.3646	0.4479
8.3646	0.4688
8.3438	0.4688
8.3438	0.4792
8.3333	0.4792
8.3333	0.4271
8.3021	0.4271
8.3021	0.4167
8.2812	0.4167
8.2812	0.3958
8.2604	0.3958
8.2604	0.3854
8.2500	0.3854
8.2500	0.3750
8.1771	0.3750
8.1771	0.3646
8.0104	0.3646
8.0104	0.3854
8.0000	0.3854
8.0000	0.4271
7.9896	0.4271
7.9896	0.4167
7.9479	0.4167
7.9479	0.4062
7.8958	0.4062
7.8958	0.3542
7.7917	0.3542
7.7917	0.3750
7.7396	0.3750
7.7396	0.3542
7.7292	0.3542
7.7292	0.3438
7.7188	0.3438
7.7188	0.3333
7.6667	0.3333
7.6667	0.2812
7.5833	0.2812
7.5833	0.2604
7.5000	0.2604
7.5000	0.2812
7.5104	0.2812
7.5104	0.3438
7.5000	0.3438
7.5000	0.3646
7.5104	0.3646
7.5104	0.3958
7.5000	0.3958
7.5000	0.3750
7.4479	0.3750
7.4479	0.3646
7.4583	0.3646
7.4583	0.3542
7.4479	0.3542
7.4479	0.3438
7.4271	0.3438
7.4271	0.3750
7.3750	0.3750
7.3750	0.3333
7.0521	0.3333
7.0521	0.3438
7.0417	0.3438
7.0417	0.3333
6.7917	0.3333
6.7917	0.3750
6.6250	0.3750
6.6250	0.4167
6.4167	0.4167
6.4167	0.4583
6.4062	0.4583
6.4062	0.4479
6.3958	0.4479
6.3958	0.4583
6.3438	0.4583
6.3438	0.4792
6.3333	0.4792
6.3333	0.5000
6.2396	0.5000
6.2396	0.5208
6.2188	0.5208
6.2188	0.5000
6.0833	0.5000
6.0833	0.4896
6.0729	0.4896
6.0729	0.4167
5.8333	0.4167
5.8333	0.4375
5.8438	0.4375
5.8438	0.4479
5.8542	0.4479
5.8542	0.4583
5.8646	0.4583
5.8646	0.4688
5.8542	0.4688
5.8542	0.4792
5.8646	0.4792
5.8646	0.5000
5.8542	0.5000
5.8542	0.5312
5.8438	0.5312
5.8438	0.5208
5.8229	0.5208
5.8229	0.5104
5.8021	0.5104
5.8021	0.5000
5.7500	0.5000
5.7500	0.5208
5.7604	0.5208
5.7604	0.5312
5.7708	0.5312
5.7708	0.5208
5.7812	0.5208
5.7812	0.5104
5.7917	0.5104
5.7917	0.5312
5.8125	0.5312
5.8125	0.5417
5.7500	0.5417
5.7500	0.5312
5.7292	0.5312
5.7292	0.5417
5.6250	0.5417
5.6250	0.5833
5.5833	0.5833
5.5833	0.5729
5.5625	0.5729
5.5625	0.5833
5.5417	0.5833
5.5417	0.5729
5.5208	0.5729
5.5208	0.5833
5.4375	0.5833
5.4375	0.5938
5.3750	0.5938
5.3750	0.6250
5.3438	0.6250
5.3438	0.6354
5.3125	0.6354
5.3125	0.6979
5.2500	0.6979
5.2500	0.8021
5.1354	0.8021
5.1354	0.8125
5.1250	0.8125
5.1250	0.8750
5.0938	0.8750
5.0938	0.8958
5.0833	0.8958
5.0833	0.9583
5.0417	0.9583
5.0417	1.0417
5.0312	1.0417
5.0312	1.0312
5.0104	1.0312
5.0104	1.0417
5.0000	1.0417
5.0000	1.1042
4.9792	1.1042
4.9792	1.1146
4.9688	1.1146
4.9688	1.1250
4.9583	1.1250
4.9583	1.1979
4.9479	1.1979
4.9479	1.2083
4.9583	1.2083
4.9583	1.2500
4.9167	1.2500
4.9167	1.2604
4.9062	1.2604
4.9062	1.2500
4.8958	1.2500
4.8958	1.2708
4.9062	1.2708
4.9062	1.2917
4.8854	1.2917
4.8854	1.2708
4.8646	1.2708
4.8646	1.3021
4.8750	1.3021
4.8750	1.3125
4.8854	1.3125
4.8854	1.3229
4.8750	1.3229
4.8750	1.3750
4.8542	1.3750
4.8542	1.3854
4.8438	1.3854
4.8438	1.3958
4.8542	1.3958
4.8542	1.4062
4.8750	1.4062
4.8750	1.4167
4.8646	1.4167
4.8646	1.4271
4.8542	1.4271
4.8542	1.4375
4.8333	1.4375
4.8333	1.4479
4.8229	1.4479
4.8229	1.4583
4.8333	1.4583
4.8333	1.4688
4.8438	1.4688
4.8438	1.4479
4.8646	1.4479
4.8646	1.4583
4.8542	1.4583
4.8542	1.4688
4.8646	1.4688
4.8646	1.4792
4.8542	1.4792
4.8542	1.4896
4.8438	1.4896
4.8438	1.5000
4.8333	1.5000
4.8333	1.5417
4.7917	1.5417
4.7917	1.5312
4.8021	1.5312
4.8021	1.5208
4.8125	1.5208
4.8125	1.5104
4.8229	1.5104
4.8229	1.4896
4.8125	1.4896
4.8125	1.4688
4.8021	1.4688
4.8021	1.4896
4.7812	1.4896
4.7812	1.4583
4.7500	1.4583
4.7500	1.4896
4.7708	1.4896
4.7708	1.5000
4.7812	1.5000
4.7812	1.5104
4.7604	1.5104
4.7604	1.5208
4.7812	1.5208
4.7812	1.5417
4.7708	1.5417
4.7708	1.5625
4.7917	1.5625
4.7917	1.5729
4.8021	1.5729
4.8021	1.5833
4.7917	1.5833
4.7917	1.5938
4.7812	1.5938
4.7812	1.6042
4.7604	1.6042
4.7604	1.5938
4.7500	1.5938
4.7500	1.5833
4.7396	1.5833
4.7396	1.5938
4.7292	1.5938
4.7292	1.5833
4.7188	1.5833
4.7188	1.5729
4.7083	1.5729
4.7083	1.5938
4.7188	1.5938
4.7188	1.6042
4.7083	1.6042
4.7083	1.6146
4.6875	1.6146
4.6875	1.6042
4.6771	1.6042
4.6771	1.5729
4.6562	1.5729
4.6562	1.5938
4.6667	1.5938
4.6667	1.6042
4.6562	1.6042
4.6562	1.6250
4.6771	1.6250
4.6771	1.6354
4.6875	1.6354
4.6875	1.6458
4.7083	1.6458
4.7083	1.6562
4.7188	1.6562
4.7188	1.6875
4.6875	1.6875
4.6875	1.6979
4.6771	1.6979
4.6771	1.7083
4.6667	1.7083
4.6667	1.7292
4.6562	1.7292
4.6562	1.7396
4.6458	1.7396
4.6458	1.7708
4.6354	1.7708
4.6354	1.8021
4.6458	1.8021
4.6458	1.8229
4.6667	1.8229
4.6667	1.8333
4.6771	1.8333
4.6771	1.8542
4.6667	1.8542
4.6667	1.8646
4.6771	1.8646
4.6771	1.8750
4.6562	1.8750
4.6562	1.9167
4.6458	1.9167
4.6458	1.9375
4.6250	1.9375
4.6250	1.9271
4.6146	1.9271
4.6146	1.9062
4.5938	1.9062
4.5938	1.8958
4.6250	1.8958
4.6250	1.8854
4.6458	1.8854
4.6458	1.8646
4.6250	1.8646
4.6250	1.8750
4.6042	1.8750
4.6042	1.8854
4.5833	1.8854
4.5833	1.9062
4.5729	1.9062
4.5729	1.9271
4.5833	1.9271
4.5833	1.9583
4.6042	1.9583
4.6042	1.9688
4.6146	1.9688
4.6146	1.9792
4.6771	1.9792
4.6771	2.0000
4.6562	2.0000
4.6562	1.9896
4.6250	1.9896
4.6250	2.0000
4.6146	2.0000
4.6146	1.9896
4.5833	1.9896
4.5833	2.0000
4.5938	2.0000
4.5938	2.0104
4.6146	2.0104
4.6146	2.0208
4.6250	2.0208
4.6250	2.0417
4.6667	2.0417
4.6667	2.0625
4.6562	2.0625
4.6562	2.0729
4.6667	2.0729
4.6667	2.2292
4.6458	2.2292
4.6458	2.2396
4.6562	2.2396
4.6562	2.2500
4.6667	2.2500
4.6667	2.2812
4.6562	2.2812
4.6562	2.2917
4.6250	2.2917
4.6250	2.5833
4.6667	2.5833
4.6667	2.7083
4.6562	2.7083
4.6562	2.7188
4.6667	2.7188
4.6667	2.7292
4.6771	2.7292
4.6771	2.7083
4.7083	2.7083
4.7083	2.7917
4.7188	2.7917
4.7188	2.8021
4.7083	2.8021
4.7083	2.8229
4.7292	2.8229
4.7292	2.7917
4.7500	2.7917
4.7500	2.8646
4.7917	2.8646
4.7917	2.9375
4.7708	2.9375
4.7708	2.9583
4.7812	2.9583
4.7812	2.9688
4.7917	2.9688
4.7917	2.9792
4.7708	2.9792
4.7708	2.9896
4.7812	2.9896
4.7812	3.0000
4.7917	3.0000
4.7917	3.0104
4.8021	3.0104
4.8021	3.0208
4.7917	3.0208
4.7917	3.0312
4.8021	3.0312
4.8021	3.0417
4.8125	3.0417
4.8125	3.0625
4.8229	3.0625
4.8229	3.0729
4.8542	3.0729
4.8542	3.0833
4.8750	3.0833
4.8750	3.1250
4.9167	3.1250
4.9167	3.1458
4.9062	3.1458
4.9062	3.1667
4.9583	3.1667
4.9583	3.1875
4.9479	3.1875
4.9479	3.1771
4.9375	3.1771
4.9375	3.2188
4.9479	3.2188
4.9479	3.2396
4.9583	3.2396
4.9583	3.2500
5.0000	3.2500
5.0000	3.2812
4.9896	3.2812
4.9896	3.2708
4.9688	3.2708
4.9688	3.2812
4.9792	3.2812
4.9792	3.3021
4.9896	3.3021
4.9896	3.3229
5.0000	3.3229
5.0000	3.3125
5.0104	3.3125
5.0104	3.3021
5.0000	3.3021
5.0000	3.2917
5.0417	3.2917
5.0417	3.3021
5.0312	3.3021
5.0312	3.3125
5.0417	3.3125
5.0417	3.3542
5.0208	3.3542
5.0208	3.3646
5.0417	3.3646
5.0417	3.4271
5.0208	3.4271
5.0208	3.4375
5.0104	3.4375
5.0104	3.4479
5.0417	3.4479
5.0417	3.4583
5.0312	3.4583
5.0312	3.4688
5.0208	3.4688
5.0208	3.4896
5.0312	3.4896
5.0312	3.5000
5.0417	3.5000
5.0417	3.4792
5.0521	3.4792
5.0521	3.4583
5.0625	3.4583
5.0625	3.4688
5.0833	3.4688
5.0833	3.5000
5.1250	3.5000
5.1250	3.5521
5.1042	3.5521
5.1042	3.5625
5.1250	3.5625
5.1250	3.5833
5.1562	3.5833
5.1562	3.6042
5.1458	3.6042
5.1458	3.5938
5.1354	3.5938
5.1354	3.6042
5.1250	3.6042
5.1250	3.6146
5.1354	3.6146
5.1354	3.6250
5.1458	3.6250
5.1458	3.6458
5.1354	3.6458
5.1354	3.6875
5.1250	3.6875
5.1250	3.7083
5.1562	3.7083
5.1562	3.7188
5.1458	3.7188
5.1458	3.7292
5.1667	3.7292
5.1667	3.7083
5.2188	3.7083
5.2188	3.7500
5.2083	3.7500
5.2083	3.7604
5.2292	3.7604
5.2292	3.7500
5.2396	3.7500
5.2396	3.7396
5.2604	3.7396
5.2604	3.7500
5.2708	3.7500
5.2708	3.7604
5.2812	3.7604
5.2812	3.7917
5.2604	3.7917
5.2604	3.8021
5.2188	3.8021
5.2188	3.8125
5.2500	3.8125
5.2500	3.8229
5.2604	3.8229
5.2604	3.8333
5.2917	3.8333
5.2917	3.8229
5.3125	3.8229
5.3125	3.8125
5.3229	3.8125
5.3229	3.8229
5.3333	3.8229
5.3333	3.8333
5.3229	3.8333
5.3229	3.8438
5.3125	3.8438
5.3125	3.8542
5.3021	3.8542
5.3021	3.8854
5.3125	3.8854
5.3125	3.9167
5.3229	3.9167
5.3229	3.9375
5.3542	3.9375
5.3542	3.9479
5.3646	3.9479
5.3646	3.9583
5.3750	3.9583
5.3750	3.9688
5.3958	3.9688
5.3958	3.9792
5.3854	3.9792
5.3854	3.9896
5.4479	3.9896
5.4479	3.9792
5.4583	3.9792
5.4583	3.9688
5.4688	3.9688
5.4688	3.9375
5.4583	3.9375
5.4583	3.9167
5.4375	3.9167
5.4375	3.8958
5.4271	3.8958
5.4271	3.8750
5.4583	3.8750
5.4583	3.9167
5.4896	3.9167
5.4896	3.9375
5.5000	3.9375
5.5000	4.0000
5.5417	4.0000
5.5417	4.0833
5.5104	4.0833
5.5104	4.0729
5.5208	4.0729
5.5208	4.0208
5.5104	4.0208
5.5104	4.0104
5.4896	4.0104
5.4896	4.0208
5.4792	4.0208
5.4792	4.0417
5.4583	4.0417
5.4583	4.0312
5.4479	4.0312
5.4479	4.0417
5.4271	4.0417
5.4271	4.0312
5.4062	4.0312
5.4062	4.0208
5.3958	4.0208
5.3958	4.0000
5.3646	4.0000
5.3646	4.0208
5.3750	4.0208
5.3750	4.0312
5.3958	4.0312
5.3958	4.0417
5.3854	4.0417
5.3854	4.0729
5.4062	4.0729
5.4062	4.0833
5.4479	4.0833
5.4479	4.0938
5.4583	4.0938
5.4583	4.1146
5.4896	4.1146
5.4896	4.1042
5.5208	4.1042
5.5208	4.1146
5.5312	4.1146
5.5312	4.1250
5.5417	4.1250
5.5417	4.1354
5.5521	4.1354
5.5521	4.1146
5.5625	4.1146
5.5625	4.1250
5.5833	4.1250
5.5833	4.1458
5.5625	4.1458
5.5625	4.1562
5.5729	4.1562
5.5729	4.1667
5.5833	4.1667
5.5833	4.1771
5.5938	4.1771
5.5938	4.1979
5.5625	4.1979
5.5625	4.1875
5.5521	4.1875
5.5521	4.2188
5.5417	4.2188
5.5417	4.2292
5.5312	4.2292
5.5312	4.2500
5.5208	4.2500
5.5208	4.2604
5.5104	4.2604
5.5104	4.2500
5.5000	4.2500
5.5000	4.2604
5.4896	4.2604
5.4896	4.2500
5.4792	4.2500
5.4792	4.2292
5.4688	4.2292
5.4688	4.2083
5.4896	4.2083
5.4896	4.1979
5.5000	4.1979
5.5000	4.1875
5.5104	4.1875
5.5104	4.1979
5.5208	4.1979
5.5208	4.1875
5.5312	4.1875
5.5312	4.1771
5.5417	4.1771
5.5417	4.1667
5.5312	4.1667
5.5312	4.1458
5.5208	4.1458
5.5208	4.1562
5.5000	4.1562
5.5000	4.1458
5.4792	4.1458
5.4792	4.1250
5.4583	4.1250
5.4583	4.1354
5.4479	4.1354
5.4479	4.1771
5.4583	4.1771
5.4583	4.1979
5.4479	4.1979
5.4479	4.2083
5.4583	4.2083
5.4583	4.2292
5.4479	4.2292
5.4479	4.2500
5.4688	4.2500
5.4688	4.2604
5.4792	4.2604
5.4792	4.2812
5.4896	4.2812
5.4896	4.3021
5.5104	4.3021
5.5104	4.3125
5.5417	4.3125
5.5417	4.3333
5.5521	4.3333
5.5521	4.3438
5.5625	4.3438
5.5625	4.3542
5.5729	4.3542
5.5729	4.3229
5.5938	4.3229
5.5938	4.3021
5.6042	4.3021
5.6042	4.2917
5.6146	4.2917
5.6146	4.2708
5.5938	4.2708
5.5938	4.2604
5.5833	4.2604
5.5833	4.2396
5.5938	4.2396
5.5938	4.2292
5.6250	4.2292
5.6250	4.2917
5.6667	4.2917
5.6667	4.3750
5.7188	4.3750
5.7188	4.3854
5.7083	4.3854
5.7083	4.4375
5.6875	4.4375
5.6875	4.4479
5.6667	4.4479
5.6667	4.4583
5.6771	4.4583
5.6771	4.4688
5.6875	4.4688
5.6875	4.4583
5.7500	4.4583
5.7500	4.4688
5.7396	4.4688
5.7396	4.4792
5.7292	4.4792
5.7292	4.4896
5.7188	4.4896
5.7188	4.5104
5.7083	4.5104
5.7083	4.5000
5.6979	4.5000
5.6979	4.5208
5.6875	4.5208
5.6875	4.5417
5.7083	4.5417
5.7083	4.5625
5.7292	4.5625
5.7292	4.5521
5.7188	4.5521
5.7188	4.5417
5.7292	4.5417
5.7292	4.5208
5.7500	4.5208
5.7500	4.5417
5.7917	4.5417
5.7917	4.5521
5.7708	4.5521
5.7708	4.5729
5.7917	4.5729
5.7917	4.6250
5.8333	4.6250
5.8333	4.6562
5.8229	4.6562
5.8229	4.6667
5.8125	4.6667
5.8125	4.6771
5.8333	4.6771
5.8333	4.7083
5.8646	4.7083
5.8646	4.7292
5.8750	4.7292
5.8750	4.8125
5.8646	4.8125
5.8646	4.8438
5.8750	4.8438
5.8750	4.8854
5.8854	4.8854
5.8854	4.9062
5.8958	4.9062
5.8958	4.9271
5.9167	4.9271
5.9167	4.9583
5.9062	4.9583
5.9062	4.9479
5.8958	4.9479
5.8958	4.9375
5.8750	4.9375
5.8750	4.9167
5.8646	4.9167
5.8646	4.9062
5.8542	4.9062
5.8542	4.9271
5.8438	4.9271
5.8438	4.9479
5.8542	4.9479
5.8542	4.9688
5.8333	4.9688
5.8333	4.9583
5.8125	4.9583
5.8125	4.9792
5.8021	4.9792
5.8021	4.9896
5.7917	4.9896
5.7917	5.0000
5.8125	5.0000
5.8125	5.0104
5.8333	5.0104
5.8333	5.0000
5.8438	5.0000
5.8438	4.9896
5.8542	4.9896
5.8542	4.9792
5.8750	4.9792
5.8750	5.0000
5.8646	5.0000
5.8646	5.0104
5.8542	5.0104
5.8542	5.0208
5.8438	5.0208
5.8438	5.0312
5.8333	5.0312
5.8333	5.0417
5.8750	5.0417
5.8750	5.0312
5.8854	5.0312
5.8854	5.0417
5.9062	5.0417
5.9062	5.0521
5.8958	5.0521
5.8958	5.0729
5.8854	5.0729
5.8854	5.0833
5.9062	5.0833
5.9062	5.0729
5.9375	5.0729
5.9375	5.0833
5.9479	5.0833
5.9479	5.0938
5.9583	5.0938
5.9583	5.1458
5.9375	5.1458
5.9375	5.1667
5.9271	5.1667
5.9271	5.1562
5.9167	5.1562
5.9167	5.1667
5.8958	5.1667
5.8958	5.1562
5.9062	5.1562
5.9062	5.1458
5.9167	5.1458
5.9167	5.1146
5.8958	5.1146
5.8958	5.1042
5.8854	5.1042
5.8854	5.1146
5.8750	5.1146
5.8750	5.1042
5.8438	5.1042
5.8438	5.1250
5.8542	5.1250
5.8542	5.1458
5.8646	5.1458
5.8646	5.1562
5.8542	5.1562
5.8542	5.1667
5.8438	5.1667
5.8438	5.1562
5.8333	5.1562
5.8333	5.1458
5.8125	5.1458
5.8125	5.1667
5.8021	5.1667
5.8021	5.1562
5.7812	5.1562
5.7812	5.1667
5.7708	5.1667
5.7708	5.1771
5.7812	5.1771
5.7812	5.2083
5.7708	5.2083
5.7708	5.2188
5.7812	5.2188
5.7812	5.2396
5.7917	5.2396
5.7917	5.2292
5.8021	5.2292
5.8021	5.2188
5.8125	5.2188
5.8125	5.2396
5.8333	5.2396
5.8333	5.2500
5.8542	5.2500
5.8542	5.2396
5.8646	5.2396
5.8646	5.2292
5.8542	5.2292
5.8542	5.2188
5.8438	5.2188
5.8438	5.1979
5.8542	5.1979
5.8542	5.1875
5.8854	5.1875
5.8854	5.1979
5.9062	5.1979
5.9062	5.2083
5.8854	5.2083
5.8854	5.2500
5.8958	5.2500
5.8958	5.2708
5.9167	5.2708
5.9167	5.2917
5.9271	5.2917
5.9271	5.3021
5.9375	5.3021
5.9375	5.2917
5.9479	5.2917
5.9479	5.2604
5.9583	5.2604
5.9583	5.3646
5.9479	5.3646
5.9479	5.3750
5.9375	5.3750
5.9375	5.3542
5.9167	5.3542
5.9167	5.3438
5.8958	5.3438
5.8958	5.3542
5.9062	5.3542
5.9062	5.3646
5.8750	5.3646
5.8750	5.3542
5.8646	5.3542
5.8646	5.3750
5.8438	5.3750
5.8438	5.3854
5.8333	5.3854
5.8333	5.3958
5.8021	5.3958
5.8021	5.4271
5.7812	5.4271
5.7812	5.4167
5.7917	5.4167
5.7917	5.3958
5.7812	5.3958
5.7812	5.4062
5.7708	5.4062
5.7708	5.4479
5.7812	5.4479
5.7812	5.4583
5.8021	5.4583
5.8021	5.4792
5.8125	5.4792
5.8125	5.4896
5.8229	5.4896
5.8229	5.5104
5.8438	5.5104
5.8438	5.5208
5.8542	5.5208
5.8542	5.5312
5.8958	5.5312
5.8958	5.5208
5.9062	5.5208
5.9062	5.5521
5.9167	5.5521
5.9167	5.5833
5.8750	5.5833
5.8750	5.6250
5.8958	5.6250
5.8958	5.6458
5.8333	5.6458
5.8333	5.6667
5.7917	5.6667
5.7917	5.7083
5.6458	5.7083
5.6458	5.7188
5.6354	5.7188
5.6354	5.7292
5.6250	5.7292
5.6250	5.7500
5.5938	5.7500
5.5938	5.7292
5.5312	5.7292
5.5312	5.7083
5.4479	5.7083
5.4479	5.6979
5.4375	5.6979
5.4375	5.7083
5.4271	5.7083
5.4271	5.6979
5.4167	5.6979
5.4167	5.7500
5.3333	5.7500
5.3333	5.8021
5.3229	5.8021
5.3229	5.7917
5.2083	5.7917
5.2083	5.8333
5.1979	5.8333
5.1979	5.8438
5.1875	5.8438
5.1875	5.9375
5.1979	5.9375
5.1979	5.9479
5.1354	5.9479
5.1354	5.8854
5.0417	5.8854
5.0417	5.9792
5.1042	5.9792
5.1042	5.9896
5.0312	5.9896
5.0312	6.0312
5.0000	6.0312
5.0000	6.0417
4.9792	6.0417
4.9792	6.0208
4.9479	6.0208
4.9479	6.0104
4.8542	6.0104
4.8542	6.0000
4.6667	6.0000
4.6667	6.0208
4.6562	6.0208
4.6562	6.0312
4.6667	6.0312
4.6667	6.0417
4.6250	6.0417
4.6250	6.0312
4.6042	6.0312
4.6042	6.0417
4.5938	6.0417
4.5938	6.0521
4.5833	6.0521
4.5833	6.0729
4.6042	6.0729
4.6042	6.0521
4.6250	6.0521
4.6250	6.0729
4.6146	6.0729
4.6146	6.0833
4.5625	6.0833
4.5625	6.0729
4.5729	6.0729
4.5729	6.0625
4.5417	6.0625
4.5417	6.1250
4.6667	6.1250
4.6667	6.1146
4.6875	6.1146
4.6875	6.1354
4.7083	6.1354
4.7083	6.1667
4.6042	6.1667
4.6042	6.1771
4.5208	6.1771
4.5208	6.1562
4.4792	6.1562
4.4792	6.1250
4.4167	6.1250
4.4167	6.1667
4.4062	6.1667
4.4062	6.1771
4.3958	6.1771
4.3958	6.1979
4.3750	6.1979
4.3750	6.1771
4.3333	6.1771
4.3333	6.2083
4.2708	6.2083
4.2708	6.2188
4.2500	6.2188
4.2500	6.2500
4.1667	6.2500
4.1667	6.2917
4.0833	6.2917
4.0833	6.3021
4.0729	6.3021
4.0729	6.3125
4.0625	6.3125
4.0625	6.3229
4.0521	6.3229
4.0521	6.3333
4.0000	6.3333
4.0000	6.3750
3.8750	6.3750
3.8750	6.4167
3.7083	6.4167
3.7083	6.4583
3.6250	6.4583
3.6250	6.4792
3.6354	6.4792
3.6354	6.5000
3.5938	6.5000
3.5938	6.5729
3.5833	6.5729
3.5833	6.5833
3.5729	6.5833
3.5729	6.5000
3.3750	6.5000
3.3750	6.5208
3.3646	6.5208
3.3646	6.5312
3.3750	6.5312
3.3750	6.5417
3.3646	6.5417
3.3646	6.5312
3.3542	6.5312
3.3542	6.5417
3.2812	6.5417
3.2812	6.5833
3.2708	6.5833
3.2708	6.6042
3.2604	6.6042
3.2604	6.6146
3.2188	6.6146
3.2188	6.5833
3.1458	6.5833
3.1458	6.6146
3.1042	6.6146
3.1042	6.6250
3.0417	6.6250
3.0417	6.6354
3.0312	6.6354
3.0312	6.6458
2.9896	6.6458
2.9896	6.6562
2.9688	6.6562
2.9688	6.6979
2.9375	6.6979
2.9375	6.7188
2.9167	6.7188
2.9167	6.7292
2.9062	6.7292
2.9062	6.7500
2.8958	6.7500
2.8958	6.7396
2.8438	6.7396
2.8438	6.7292
2.8021	6.7292
2.8021	6.7083
2.7292	6.7083
2.7292	6.7188
2.7083	6.7188
2.7083	6.7917
2.6667	6.7917
2.6667	6.8021
2.6562	6.8021
2.6562	6.8333
2.6458	6.8333
2.6458	6.8438
2.5938	6.8438
2.5938	6.8542
2.5521	6.8542
2.5521	6.8646
2.5312	6.8646
2.5312	6.8333
2.4792	6.8333
2.4792	6.8229
2.4271	6.8229
2.4271	6.8333
2.3958	6.8333
2.3958	6.8542
2.3542	6.8542
2.3542	6.8646
2.3438	6.8646
2.3438	6.8854
2.3333	6.8854
2.3333	6.8958
2.3229	6.8958
2.3229	6.9583
2.3021	6.9583
2.3021	6.9792
2.2917	6.9792
2.2917	7.0000
2.2812	7.0000
2.2812	7.0104
2.2500	7.0104
2.2500	6.9792
2.2292	6.9792
2.2292	6.9583
2.2188	6.9583
2.2188	6.9271
2.1354	6.9271
2.1354	6.9583
2.1042	6.9583
2.1042	7.0208
2.0729	7.0208
2.0729	7.0938
2.0000	7.0938
2.0000	7.1042
1.9688	7.1042
1.9688	7.1667
1.9479	7.1667
1.9479	7.2396
1.9896	7.2396
1.9896	7.2708
1.9271	7.2708
1.9271	7.2917
1.8438	7.2917
1.8438	7.3021
1.8333	7.3021
1.8333	7.3125
1.8229	7.3125
1.8229	7.3229
1.8125	7.3229
1.8125	7.3438
1.8021	7.3438
1.8021	7.3542
1.7500	7.3542
1.7500	7.3646
1.7396	7.3646
1.7396	7.3854
1.6979	7.3854
1.6979	7.4062
1.6458	7.4062
1.6458	7.4271
1.6042	7.4271
1.6042	7.4792
1.5938	7.4792
1.5938	7.4896
1.5833	7.4896
1.5833	7.5000
1.5208	7.5000
1.5208	7.5104
1.4896	7.5104
1.4896	7.5417
1.4688	7.5417
1.4688	7.5312
1.3958	7.5312
1.3958	7.5521
1.3646	7.5521
1.3646	7.5833
1.3333	7.5833
1.3333	7.5938
1.3229	7.5938
1.3229	7.6562
1.3021	7.6562
1.3021	7.6667
1.2917	7.6667
1.2917	7.6875
1.2812	7.6875
1.2812	7.7396
1.2604	7.7396
1.2604	7.7917
1.2396	7.7917
1.2396	7.8333
1.2292	7.8333
1.2292	7.8438
1.2083	7.8438
1.2083	7.8542
1.1979	7.8542
1.1979	7.8750
1.1667	7.8750
1.1667	7.8854
1.1562	7.8854
1.1562	7.8958
1.1458	7.8958
1.1458	7.9167
1.1354	7.9167
1.1354	7.9271
1.0729	7.9271
1.0729	8.0104
1.0833	8.0104
1.0833	8.0208
1.0729	8.0208
1.0729	8.1146
1.0104	8.1146
1.0104	8.1354
1.0000	8.1354
1.0000	8.1458
0.9896	8.1458
0.9896	8.1979
0.9479	8.1979
0.9479	8.2292
0.9375	8.2292
0.9375	8.2604
0.9167	8.2604
0.9167	8.2812
0.9062	8.2812
0.9062	8.2917
0.8958	8.2917
0.8958	8.3125
0.8750	8.3125
0.8750	8.3646
0.8542	8.3646
0.8542	8.3854
0.8333	8.3854
0.8333	8.3958
0.8125	8.3958
0.8125	8.4167
0.8021	8.4167
0.8021	8.4271
0.7917	8.4271
0.7917	8.4375
0.7500	8.4375
0.7500	8.3958
0.6771	8.3958
0.6771	8.4688
0.7188	8.4688
0.7188	8.5625
0.6979	8.5625
0.6979	8.6354
0.6562	8.6354
0.6562	8.6458
0.6458	8.6458
0.6458	8.6562
0.6250	8.6562
0.6250	8.6875
0.6042	8.6875
0.6042	8.6979
0.6250	8.6979
0.6250	8.7083
0.5938	8.7083
0.5938	8.6875
0.5729	8.6875
0.5729	8.6979
0.5625	8.6979
0.5625	8.7292
0.5729	8.7292
0.5729	8.7396
0.5833	8.7396
0.5833	8.8542
0.5729	8.8542
0.5729	8.8646
0.5625	8.8646
0.5625	8.8750
0.5833	8.8750
0.5833	8.9062
0.5938	8.9062
0.5938	8.9167
0.6042	8.9167
0.6042	8.9271
0.6146	8.9271
0.6146	8.9479
0.6458	8.9479
0.6458	8.9583
0.7083	8.9583
0.7083	9.0000
0.7396	9.0000
0.7396	9.0104
0.7292	9.0104
0.7292	9.0208
0.7812	9.0208
0.7812	9.0104
0.7708	9.0104
0.7708	9.0000
0.8125	9.0000
0.8125	9.0104
0.8229	9.0104
0.8229	9.0000
0.8333	9.0000
0.8333	9.0208
0.8229	9.0208
0.8229	9.0312
0.8125	9.0312
0.8125	9.0417
0.8333	9.0417
0.8333	9.0521
0.8438	9.0521
0.8438	9.0625
0.8542	9.0625
0.8542	9.1042
0.8646	9.1042
0.8646	9.1250
0.8750	9.1250
0.8750	9.1146
0.9271	9.1146
0.9271	9.1042
0.9375	9.1042
0.9375	9.0938
0.9479	9.0938
0.9479	9.1042
0.9583	9.1042
0.9583	9.0938
0.9688	9.0938
0.9688	9.1042
0.9583	9.1042
0.9583	9.1146
0.9375	9.1146
0.9375	9.1250
0.9479	9.1250
0.9479	9.1354
0.9583	9.1354
0.9583	9.1458
0.9688	9.1458
0.9688	9.1562
0.9792	9.1562
0.9792	9.1771
0.9688	9.1771
0.9688	9.1875
1.0104	9.1875
1.0104	9.1979
1.0417	9.1979
1.0417	9.2083
1.0521	9.2083
1.0521	9.2292
1.0729	9.2292
1.0729	9.2396
1.0833	9.2396
1.0833	9.2500
1.0938	9.2500
1.0938	9.2604
1.1042	9.2604
1.1042	9.2708
1.1250	9.2708
1.1250	9.2812
1.1458	9.2812
1.1458	9.2917
1.1562	9.2917
1.1562	9.3125
1.1667	9.3125
1.1667	9.3229
1.1771	9.3229
1.1771	9.3333
1.1979	9.3333
1.1979	9.3438
1.2292	9.3438
1.2292	9.3542
1.2500	9.3542
1.2500	9.3646
1.2604	9.3646
1.2604	9.3750
1.2812	9.3750
1.2812	9.3854
1.3021	9.3854
1.3021	9.3958
1.3229	9.3958
1.3229	9.4062
1.3542	9.4062
1.3542	9.4167
1.3646	9.4167
1.3646	9.4062
1.3750	9.4062
1.3750	9.4167
1.3854	9.4167
1.3854	9.4271
1.4375	9.4271
1.4375	9.4375
1.4688	9.4375
1.4688	9.4479
1.4583	9.4479
1.4583	9.4583
1.4792	9.4583
1.4792	9.4479
1.5104	9.4479
1.5104	9.4688
1.5208	9.4688
1.5208	9.5000
1.5417	9.5000
1.5417	9.5104
1.5625	9.5104
1.5625	9.5000
1.5938	9.5000
1.5938	9.5104
1.6042	9.5104
1.6042	9.5417
1.6146	9.5417
1.6146	9.5312
1.6875	9.5312
1.6875	9.5417
1.6771	9.5417
1.6771	9.5625
1.6875	9.5625
1.6875	9.5729
1.6979	9.5729
1.6979	9.5833
1.7083	9.5833
1.7083	9.5938
1.7188	9.5938
1.7188	9.6042
1.7708	9.6042
1.7708	9.6250
1.7812	9.6250
1.7812	9.6354
1.7917	9.6354
1.7917	9.6250
1.8229	9.6250
1.8229	9.6354
1.8125	9.6354
1.8125	9.6562
1.8333	9.6562
1.8333	9.6667
1.8438	9.6667
1.8438	9.6771
1.8646	9.6771
1.8646	9.6875
1.8750	9.6875
1.8750	9.6979
1.9062	9.6979
1.9062	9.7083
1.9479	9.7083
1.9479	9.7188
1.9583	9.7188
1.9583	9.7708
2.0104	9.7708
2.0104	9.7917
2.0417	9.7917
2.0417	9.8125
2.0521	9.8125
2.0521	9.8229
2.0625	9.8229
2.0625	9.8333
2.0833	9.8333
2.0833	9.8438
2.0938	9.8438
2.0938	9.8542
2.1042	9.8542
2.1042	9.8646
2.1146	9.8646
2.1146	9.8750
2.1354	9.8750
2.1354	9.8854
2.1458	9.8854
2.1458	9.8958
2.1562	9.8958
2.1562	9.9062
2.1667	9.9062
2.1667	9.9167
2.1771	9.9167
2.1771	9.9271
2.1875	9.9271
2.1875	9.9375
2.1979	9.9375
2.1979	9.9479
2.2083	9.9479
2.2083	9.9583
2.2917	9.9583
2.2917	10.0000
2.3333	10.0000
2.3333	10.0417
2.3750	10.0417
2.3750	10.0521
2.3854	10.0521
2.3854	10.0417
2.4062	10.0417
2.4062	10.0521
2.4167	10.0521
